5 0.513000 0.062000 0.038000 0.044000
5 0.483000 0.115000 0.034000 0.042000
5 0.392000 0.277000 0.040000 0.046000
5 0.599000 0.757000 0.038000 0.042000
5 0.570000 0.596000 0.040000 0.040000
5 0.202000 0.596000 0.044000 0.044000
5 0.387000 0.596000 0.042000 0.044000
5 0.477000 0.648000 0.042000 0.044000
5 0.538000 0.869000 0.044000 0.046000
5 0.139000 0.707000 0.042000 0.046000
0 0.513000 0.170000 0.042000 0.044000
0 0.418000 0.224000 0.040000 0.044000
0 0.476000 0.220000 0.032000 0.040000
0 0.453000 0.275000 0.042000 0.046000
0 0.514000 0.276000 0.040000 0.048000
0 0.574000 0.275000 0.040000 0.046000
0 0.422000 0.328000 0.040000 0.044000
0 0.545000 0.330000 0.042000 0.044000
0 0.605000 0.329000 0.038000 0.046000
0 0.446000 0.594000 0.040000 0.044000
1 0.696000 0.276000 0.036000 0.040000
1 0.271000 0.278000 0.042000 0.044000
1 0.267000 0.382000 0.038000 0.048000
1 0.328000 0.382000 0.040000 0.044000
1 0.389000 0.382000 0.042000 0.048000
1 0.420000 0.436000 0.040000 0.044000
1 0.296000 0.436000 0.044000 0.044000
1 0.326000 0.489000 0.040000 0.050000
1 0.510000 0.597000 0.036000 0.046000
1 0.510000 0.703000 0.040000 0.046000
6 0.759000 0.276000 0.038000 0.048000
6 0.817000 0.276000 0.042000 0.044000
6 0.451000 0.383000 0.046000 0.042000
6 0.268000 0.491000 0.040000 0.042000
6 0.356000 0.541000 0.040000 0.042000
6 0.541000 0.542000 0.042000 0.044000
6 0.295000 0.651000 0.042000 0.046000
6 0.198000 0.707000 0.044000 0.050000
6 0.447000 0.705000 0.046000 0.046000
6 0.513000 0.812000 0.046000 0.044000
3 0.666000 0.328000 0.044000 0.048000
3 0.726000 0.327000 0.044000 0.046000
3 0.786000 0.434000 0.044000 0.052000
3 0.664000 0.438000 0.044000 0.048000
3 0.602000 0.435000 0.036000 0.054000
3 0.692000 0.595000 0.044000 0.046000
3 0.266000 0.597000 0.040000 0.050000
3 0.169000 0.652000 0.038000 0.048000
3 0.414000 0.651000 0.044000 0.046000
3 0.538000 0.652000 0.044000 0.048000
4 0.817000 0.381000 0.046000 0.050000
4 0.813000 0.590000 0.034000 0.048000
4 0.783000 0.649000 0.042000 0.046000
4 0.754000 0.703000 0.044000 0.050000
4 0.660000 0.651000 0.044000 0.046000
4 0.574000 0.491000 0.040000 0.042000
4 0.481000 0.539000 0.042000 0.050000
4 0.359000 0.436000 0.046000 0.048000
4 0.300000 0.329000 0.040000 0.046000
4 0.150000 0.273000 0.048000 0.050000
2 0.544000 0.125000 0.028000 0.034000
2 0.452000 0.178000 0.028000 0.032000
2 0.570000 0.178000 0.032000 0.032000
2 0.539000 0.232000 0.030000 0.028000
2 0.599000 0.231000 0.030000 0.030000
2 0.208000 0.283000 0.028000 0.034000
2 0.332000 0.284000 0.032000 0.036000
2 0.634000 0.284000 0.032000 0.028000
2 0.875000 0.281000 0.030000 0.038000
2 0.783000 0.336000 0.030000 0.032000
2 0.844000 0.335000 0.032000 0.030000
2 0.481000 0.335000 0.034000 0.034000
2 0.359000 0.334000 0.034000 0.028000
2 0.176000 0.335000 0.032000 0.030000
2 0.239000 0.334000 0.030000 0.032000
2 0.206000 0.387000 0.028000 0.030000
2 0.511000 0.388000 0.030000 0.028000
2 0.571000 0.388000 0.026000 0.028000
2 0.630000 0.388000 0.028000 0.032000
2 0.690000 0.388000 0.028000 0.032000
2 0.753000 0.389000 0.030000 0.030000
2 0.237000 0.441000 0.034000 0.034000
2 0.481000 0.440000 0.030000 0.032000
2 0.541000 0.440000 0.030000 0.028000
2 0.723000 0.437000 0.030000 0.030000
2 0.389000 0.492000 0.034000 0.032000
2 0.449000 0.493000 0.026000 0.030000
2 0.509000 0.493000 0.030000 0.030000
2 0.628000 0.492000 0.028000 0.028000
2 0.692000 0.494000 0.028000 0.028000
2 0.752000 0.493000 0.032000 0.026000
2 0.234000 0.548000 0.028000 0.028000
2 0.297000 0.549000 0.030000 0.030000
2 0.416000 0.548000 0.032000 0.028000
2 0.601000 0.546000 0.034000 0.032000
2 0.657000 0.548000 0.026000 0.028000
2 0.720000 0.547000 0.028000 0.030000
2 0.779000 0.545000 0.030000 0.026000
2 0.325000 0.602000 0.030000 0.032000
2 0.627000 0.600000 0.026000 0.028000
2 0.750000 0.603000 0.028000 0.030000
2 0.230000 0.657000 0.024000 0.030000
2 0.354000 0.658000 0.028000 0.028000
2 0.598000 0.655000 0.032000 0.030000
2 0.719000 0.654000 0.030000 0.032000
2 0.838000 0.654000 0.028000 0.028000
2 0.870000 0.706000 0.028000 0.032000
2 0.812000 0.710000 0.028000 0.032000
2 0.688000 0.709000 0.032000 0.034000
2 0.629000 0.709000 0.030000 0.034000
2 0.567000 0.711000 0.030000 0.034000
2 0.263000 0.711000 0.030000 0.030000
2 0.322000 0.711000 0.024000 0.030000
2 0.386000 0.708000 0.032000 0.032000
2 0.418000 0.763000 0.028000 0.030000
2 0.477000 0.765000 0.030000 0.030000
2 0.539000 0.761000 0.030000 0.030000
2 0.570000 0.819000 0.032000 0.038000
2 0.448000 0.821000 0.032000 0.038000
2 0.476000 0.872000 0.032000 0.036000
2 0.508000 0.929000 0.032000 0.038000
