0 0.446000 0.148000 0.044000 0.052000
1 0.326000 0.260000 0.044000 0.040000
2 0.136000 0.270000 0.032000 0.032000
3 0.637000 0.257000 0.038000 0.046000
4 0.574000 0.476000 0.044000 0.048000
5 0.540000 0.645000 0.036000 0.046000
6 0.229000 0.537000 0.042000 0.046000
0 0.509000 0.147000 0.042000 0.050000
0 0.571000 0.149000 0.046000 0.054000
0 0.476000 0.204000 0.044000 0.048000
0 0.540000 0.204000 0.044000 0.048000
0 0.386000 0.261000 0.040000 0.046000
0 0.511000 0.256000 0.038000 0.044000
0 0.571000 0.366000 0.042000 0.048000
0 0.449000 0.480000 0.046000 0.044000
0 0.540000 0.532000 0.044000 0.048000
1 0.170000 0.316000 0.044000 0.048000
1 0.230000 0.317000 0.044000 0.046000
1 0.292000 0.315000 0.044000 0.046000
1 0.196000 0.371000 0.044000 0.046000
1 0.290000 0.426000 0.044000 0.044000
1 0.663000 0.422000 0.042000 0.048000
1 0.349000 0.648000 0.046000 0.044000
1 0.569000 0.588000 0.042000 0.048000
1 0.631000 0.587000 0.042000 0.050000
3 0.882000 0.256000 0.040000 0.048000
3 0.792000 0.310000 0.044000 0.048000
3 0.759000 0.364000 0.038000 0.048000
3 0.821000 0.365000 0.046000 0.046000
3 0.788000 0.419000 0.044000 0.046000
3 0.478000 0.532000 0.044000 0.044000
3 0.542000 0.424000 0.040000 0.044000
3 0.290000 0.647000 0.044000 0.042000
4 0.760000 0.474000 0.040000 0.040000
4 0.757000 0.584000 0.042000 0.052000
4 0.725000 0.641000 0.042000 0.046000
4 0.851000 0.639000 0.038000 0.046000
4 0.880000 0.697000 0.044000 0.046000
4 0.758000 0.699000 0.044000 0.046000
4 0.694000 0.697000 0.048000 0.050000
4 0.507000 0.697000 0.050000 0.046000
4 0.602000 0.755000 0.044000 0.046000
5 0.447000 0.368000 0.042000 0.040000
5 0.634000 0.367000 0.040000 0.046000
5 0.353000 0.537000 0.046000 0.046000
5 0.476000 0.644000 0.040000 0.044000
5 0.599000 0.643000 0.042000 0.046000
5 0.444000 0.703000 0.044000 0.046000
5 0.446000 0.814000 0.040000 0.044000
5 0.508000 0.813000 0.044000 0.046000
5 0.512000 0.928000 0.040000 0.048000
6 0.258000 0.593000 0.040000 0.046000
6 0.386000 0.370000 0.040000 0.048000
6 0.661000 0.532000 0.038000 0.040000
6 0.199000 0.595000 0.038000 0.042000
6 0.163000 0.652000 0.042000 0.044000
6 0.227000 0.649000 0.038000 0.042000
6 0.130000 0.707000 0.040000 0.046000
6 0.194000 0.707000 0.040000 0.046000
6 0.319000 0.704000 0.046000 0.048000
2 0.510000 0.045000 0.032000 0.038000
2 0.479000 0.103000 0.030000 0.030000
2 0.542000 0.101000 0.028000 0.030000
2 0.417000 0.214000 0.030000 0.032000
2 0.602000 0.213000 0.032000 0.034000
2 0.201000 0.267000 0.030000 0.038000
2 0.264000 0.267000 0.028000 0.038000
2 0.451000 0.269000 0.034000 0.038000
2 0.573000 0.268000 0.034000 0.036000
2 0.695000 0.267000 0.026000 0.030000
2 0.757000 0.265000 0.026000 0.034000
2 0.820000 0.264000 0.032000 0.036000
2 0.356000 0.325000 0.028000 0.030000
2 0.419000 0.324000 0.026000 0.032000
2 0.481000 0.324000 0.030000 0.032000
2 0.542000 0.322000 0.028000 0.032000
2 0.603000 0.322000 0.030000 0.032000
2 0.664000 0.322000 0.028000 0.032000
2 0.726000 0.318000 0.028000 0.028000
2 0.848000 0.320000 0.032000 0.032000
2 0.260000 0.381000 0.032000 0.030000
2 0.230000 0.434000 0.032000 0.032000
2 0.354000 0.432000 0.028000 0.028000
2 0.509000 0.376000 0.030000 0.032000
2 0.694000 0.373000 0.028000 0.034000
2 0.724000 0.428000 0.028000 0.028000
2 0.415000 0.431000 0.030000 0.030000
2 0.479000 0.432000 0.030000 0.032000
2 0.600000 0.430000 0.028000 0.032000
2 0.260000 0.489000 0.032000 0.030000
2 0.323000 0.488000 0.034000 0.032000
2 0.384000 0.487000 0.032000 0.034000
2 0.507000 0.484000 0.030000 0.036000
2 0.631000 0.481000 0.030000 0.030000
2 0.693000 0.482000 0.034000 0.036000
2 0.290000 0.543000 0.032000 0.030000
2 0.414000 0.540000 0.028000 0.036000
2 0.599000 0.539000 0.030000 0.034000
2 0.722000 0.537000 0.032000 0.034000
2 0.784000 0.536000 0.032000 0.036000
2 0.321000 0.600000 0.034000 0.032000
2 0.383000 0.600000 0.030000 0.032000
2 0.445000 0.597000 0.030000 0.030000
2 0.504000 0.597000 0.028000 0.030000
2 0.691000 0.595000 0.030000 0.034000
2 0.816000 0.592000 0.032000 0.036000
2 0.414000 0.652000 0.028000 0.032000
2 0.659000 0.650000 0.030000 0.028000
2 0.781000 0.647000 0.026000 0.030000
2 0.257000 0.711000 0.030000 0.034000
2 0.381000 0.708000 0.030000 0.032000
2 0.569000 0.706000 0.026000 0.028000
2 0.629000 0.705000 0.030000 0.034000
2 0.815000 0.702000 0.030000 0.036000
2 0.417000 0.763000 0.030000 0.030000
2 0.477000 0.762000 0.030000 0.032000
2 0.537000 0.761000 0.026000 0.030000
2 0.568000 0.819000 0.032000 0.038000
2 0.475000 0.876000 0.030000 0.028000
2 0.538000 0.873000 0.032000 0.034000
