0 0.507000 0.048000 0.042000 0.052000
1 0.503000 0.161000 0.038000 0.050000
2 0.476000 0.115000 0.028000 0.034000
3 0.410000 0.218000 0.044000 0.052000
4 0.539000 0.216000 0.050000 0.052000
5 0.670000 0.331000 0.044000 0.050000
6 0.414000 0.332000 0.052000 0.052000
2 0.539000 0.117000 0.030000 0.034000
2 0.443000 0.171000 0.038000 0.034000
2 0.568000 0.170000 0.032000 0.036000
2 0.475000 0.230000 0.034000 0.036000
2 0.601000 0.228000 0.030000 0.032000
2 0.189000 0.279000 0.034000 0.034000
2 0.254000 0.282000 0.032000 0.032000
2 0.509000 0.283000 0.034000 0.034000
2 0.571000 0.282000 0.030000 0.032000
2 0.765000 0.282000 0.030000 0.036000
2 0.827000 0.281000 0.034000 0.038000
2 0.888000 0.283000 0.032000 0.034000
1 0.124000 0.271000 0.048000 0.046000
1 0.381000 0.273000 0.046000 0.042000
1 0.220000 0.329000 0.040000 0.046000
1 0.604000 0.440000 0.044000 0.048000
1 0.440000 0.610000 0.044000 0.044000
1 0.311000 0.607000 0.042000 0.046000
1 0.665000 0.552000 0.046000 0.048000
1 0.471000 0.665000 0.046000 0.042000
1 0.473000 0.894000 0.046000 0.044000
3 0.446000 0.275000 0.044000 0.046000
3 0.638000 0.275000 0.044000 0.046000
3 0.702000 0.274000 0.048000 0.048000
3 0.602000 0.553000 0.044000 0.046000
3 0.729000 0.666000 0.046000 0.048000
3 0.888000 0.720000 0.040000 0.048000
3 0.602000 0.780000 0.044000 0.048000
3 0.222000 0.441000 0.048000 0.046000
3 0.214000 0.550000 0.048000 0.048000
4 0.318000 0.273000 0.052000 0.054000
4 0.315000 0.384000 0.042000 0.044000
4 0.509000 0.384000 0.046000 0.044000
4 0.282000 0.550000 0.048000 0.044000
4 0.475000 0.554000 0.046000 0.048000
4 0.279000 0.664000 0.042000 0.044000
4 0.535000 0.665000 0.046000 0.046000
4 0.600000 0.665000 0.044000 0.050000
4 0.505000 0.723000 0.046000 0.046000
0 0.541000 0.329000 0.046000 0.046000
0 0.795000 0.326000 0.042000 0.048000
0 0.666000 0.440000 0.044000 0.048000
0 0.474000 0.439000 0.044000 0.046000
0 0.155000 0.328000 0.046000 0.044000
0 0.250000 0.385000 0.044000 0.050000
0 0.281000 0.439000 0.046000 0.050000
0 0.569000 0.720000 0.046000 0.048000
0 0.181000 0.722000 0.042000 0.048000
6 0.348000 0.439000 0.048000 0.046000
6 0.314000 0.496000 0.040000 0.048000
6 0.345000 0.550000 0.042000 0.044000
6 0.536000 0.550000 0.048000 0.052000
6 0.729000 0.551000 0.042000 0.046000
6 0.824000 0.605000 0.052000 0.046000
6 0.439000 0.724000 0.054000 0.052000
6 0.411000 0.778000 0.046000 0.044000
5 0.571000 0.386000 0.046000 0.044000
6 0.186000 0.382000 0.048000 0.044000
5 0.795000 0.442000 0.050000 0.052000
5 0.763000 0.495000 0.050000 0.046000
5 0.507000 0.499000 0.046000 0.050000
5 0.378000 0.495000 0.044000 0.042000
5 0.409000 0.666000 0.046000 0.048000
5 0.633000 0.725000 0.050000 0.046000
5 0.696000 0.723000 0.048000 0.046000
5 0.569000 0.836000 0.050000 0.048000
2 0.285000 0.336000 0.030000 0.032000
2 0.349000 0.340000 0.030000 0.032000
2 0.473000 0.337000 0.030000 0.034000
2 0.603000 0.338000 0.030000 0.032000
2 0.731000 0.338000 0.030000 0.032000
2 0.855000 0.338000 0.030000 0.036000
2 0.378000 0.390000 0.032000 0.032000
2 0.442000 0.390000 0.028000 0.032000
2 0.633000 0.391000 0.030000 0.034000
2 0.697000 0.392000 0.034000 0.036000
2 0.759000 0.393000 0.026000 0.030000
2 0.825000 0.391000 0.030000 0.038000
2 0.538000 0.446000 0.032000 0.032000
2 0.412000 0.449000 0.032000 0.030000
2 0.251000 0.505000 0.030000 0.034000
2 0.443000 0.505000 0.030000 0.030000
2 0.570000 0.502000 0.028000 0.028000
2 0.633000 0.503000 0.030000 0.030000
2 0.696000 0.503000 0.032000 0.030000
2 0.730000 0.447000 0.032000 0.034000
2 0.408000 0.559000 0.032000 0.030000
2 0.186000 0.614000 0.028000 0.028000
2 0.249000 0.616000 0.030000 0.032000
2 0.377000 0.615000 0.030000 0.030000
2 0.504000 0.616000 0.032000 0.032000
2 0.568000 0.617000 0.032000 0.034000
2 0.632000 0.616000 0.028000 0.032000
2 0.694000 0.615000 0.024000 0.030000
2 0.758000 0.614000 0.028000 0.028000
2 0.791000 0.556000 0.030000 0.032000
2 0.152000 0.669000 0.028000 0.034000
2 0.217000 0.674000 0.026000 0.028000
2 0.343000 0.673000 0.026000 0.026000
2 0.119000 0.728000 0.030000 0.028000
2 0.247000 0.729000 0.026000 0.026000
2 0.313000 0.731000 0.026000 0.030000
2 0.376000 0.728000 0.032000 0.032000
2 0.663000 0.672000 0.030000 0.032000
2 0.789000 0.671000 0.030000 0.030000
2 0.853000 0.668000 0.030000 0.028000
2 0.824000 0.729000 0.028000 0.030000
2 0.760000 0.727000 0.028000 0.034000
2 0.472000 0.787000 0.032000 0.030000
2 0.538000 0.784000 0.032000 0.032000
2 0.439000 0.841000 0.030000 0.030000
2 0.504000 0.842000 0.028000 0.036000
2 0.536000 0.899000 0.028000 0.030000
2 0.505000 0.959000 0.030000 0.034000
