3 0.502000 0.165000 0.040000 0.046000
3 0.406000 0.222000 0.048000 0.048000
3 0.443000 0.278000 0.046000 0.052000
3 0.601000 0.330000 0.046000 0.052000
3 0.697000 0.497000 0.046000 0.046000
3 0.503000 0.612000 0.046000 0.048000
3 0.564000 0.612000 0.044000 0.048000
3 0.214000 0.559000 0.044000 0.050000
3 0.790000 0.664000 0.040000 0.048000
3 0.886000 0.720000 0.044000 0.052000
1 0.380000 0.279000 0.044000 0.042000
1 0.246000 0.387000 0.044000 0.046000
1 0.599000 0.439000 0.042000 0.046000
1 0.569000 0.497000 0.042000 0.050000
1 0.441000 0.499000 0.042000 0.046000
1 0.437000 0.609000 0.042000 0.046000
1 0.307000 0.613000 0.042000 0.046000
1 0.467000 0.668000 0.042000 0.044000
1 0.694000 0.724000 0.044000 0.048000
1 0.468000 0.901000 0.048000 0.050000
6 0.597000 0.220000 0.046000 0.052000
6 0.410000 0.330000 0.044000 0.052000
6 0.183000 0.384000 0.042000 0.044000
6 0.310000 0.499000 0.040000 0.046000
6 0.339000 0.553000 0.042000 0.050000
6 0.536000 0.554000 0.040000 0.044000
6 0.727000 0.553000 0.038000 0.046000
6 0.823000 0.606000 0.042000 0.052000
6 0.436000 0.728000 0.044000 0.044000
6 0.404000 0.783000 0.048000 0.046000
4 0.537000 0.220000 0.046000 0.048000
4 0.314000 0.274000 0.044000 0.048000
4 0.503000 0.383000 0.038000 0.046000
4 0.474000 0.554000 0.040000 0.048000
4 0.278000 0.555000 0.048000 0.046000
4 0.275000 0.669000 0.046000 0.050000
4 0.597000 0.668000 0.046000 0.048000
4 0.500000 0.723000 0.048000 0.046000
4 0.474000 0.784000 0.044000 0.048000
4 0.533000 0.780000 0.046000 0.048000
0 0.695000 0.274000 0.042000 0.048000
0 0.757000 0.272000 0.046000 0.056000
0 0.791000 0.326000 0.046000 0.052000
0 0.538000 0.327000 0.048000 0.050000
0 0.407000 0.442000 0.042000 0.048000
0 0.472000 0.442000 0.048000 0.044000
0 0.177000 0.729000 0.042000 0.046000
0 0.597000 0.781000 0.046000 0.050000
0 0.691000 0.608000 0.046000 0.044000
0 0.502000 0.841000 0.048000 0.050000
5 0.886000 0.274000 0.044000 0.052000
5 0.568000 0.388000 0.044000 0.048000
5 0.696000 0.384000 0.048000 0.048000
5 0.791000 0.439000 0.046000 0.046000
5 0.760000 0.495000 0.044000 0.046000
5 0.503000 0.498000 0.046000 0.052000
5 0.373000 0.497000 0.046000 0.046000
5 0.404000 0.670000 0.044000 0.048000
5 0.567000 0.844000 0.042000 0.052000
2 0.506000 0.064000 0.028000 0.032000
2 0.472000 0.120000 0.032000 0.032000
2 0.537000 0.119000 0.030000 0.034000
2 0.441000 0.173000 0.034000 0.030000
2 0.566000 0.175000 0.032000 0.030000
2 0.471000 0.229000 0.034000 0.030000
2 0.125000 0.286000 0.030000 0.032000
2 0.191000 0.287000 0.030000 0.034000
2 0.253000 0.286000 0.034000 0.028000
2 0.506000 0.284000 0.032000 0.032000
2 0.155000 0.342000 0.030000 0.032000
2 0.218000 0.340000 0.036000 0.032000
2 0.281000 0.341000 0.030000 0.030000
2 0.347000 0.341000 0.030000 0.030000
2 0.473000 0.339000 0.030000 0.030000
2 0.569000 0.286000 0.026000 0.028000
2 0.637000 0.287000 0.026000 0.030000
2 0.822000 0.281000 0.028000 0.030000
2 0.853000 0.340000 0.034000 0.032000
2 0.665000 0.340000 0.030000 0.028000
2 0.728000 0.341000 0.028000 0.030000
2 0.757000 0.392000 0.030000 0.032000
2 0.821000 0.393000 0.030000 0.030000
2 0.630000 0.395000 0.028000 0.026000
2 0.313000 0.400000 0.030000 0.028000
2 0.377000 0.396000 0.030000 0.028000
2 0.443000 0.396000 0.030000 0.032000
2 0.218000 0.449000 0.036000 0.030000
2 0.282000 0.454000 0.028000 0.028000
2 0.344000 0.452000 0.032000 0.028000
2 0.247000 0.506000 0.030000 0.028000
2 0.537000 0.450000 0.030000 0.032000
2 0.663000 0.448000 0.030000 0.032000
2 0.725000 0.449000 0.030000 0.034000
2 0.630000 0.506000 0.032000 0.028000
2 0.406000 0.563000 0.032000 0.030000
2 0.660000 0.560000 0.032000 0.032000
2 0.789000 0.558000 0.030000 0.032000
2 0.756000 0.618000 0.032000 0.032000
2 0.630000 0.620000 0.028000 0.028000
2 0.374000 0.622000 0.032000 0.028000
2 0.246000 0.619000 0.032000 0.030000
2 0.184000 0.622000 0.032000 0.032000
2 0.147000 0.676000 0.030000 0.028000
2 0.213000 0.678000 0.034000 0.028000
2 0.341000 0.679000 0.030000 0.030000
2 0.532000 0.676000 0.028000 0.032000
2 0.659000 0.676000 0.034000 0.032000
2 0.724000 0.675000 0.028000 0.030000
2 0.851000 0.674000 0.030000 0.028000
2 0.755000 0.731000 0.030000 0.034000
2 0.823000 0.730000 0.034000 0.036000
2 0.629000 0.733000 0.030000 0.030000
2 0.566000 0.734000 0.028000 0.032000
2 0.371000 0.734000 0.034000 0.032000
2 0.308000 0.734000 0.032000 0.032000
2 0.243000 0.736000 0.034000 0.032000
2 0.113000 0.735000 0.030000 0.026000
2 0.439000 0.851000 0.030000 0.030000
2 0.533000 0.907000 0.030000 0.030000
2 0.501000 0.964000 0.034000 0.036000
