5 0.508000 0.052000 0.040000 0.048000
5 0.449000 0.165000 0.038000 0.042000
5 0.577000 0.277000 0.046000 0.046000
5 0.605000 0.443000 0.046000 0.038000
5 0.637000 0.498000 0.042000 0.040000
5 0.381000 0.496000 0.042000 0.044000
5 0.382000 0.610000 0.048000 0.044000
5 0.631000 0.725000 0.042000 0.042000
5 0.791000 0.552000 0.038000 0.040000
5 0.857000 0.668000 0.038000 0.044000
6 0.479000 0.104000 0.042000 0.048000
6 0.352000 0.329000 0.036000 0.038000
6 0.187000 0.379000 0.042000 0.038000
6 0.671000 0.332000 0.038000 0.048000
6 0.574000 0.496000 0.040000 0.040000
6 0.318000 0.496000 0.040000 0.044000
6 0.347000 0.546000 0.034000 0.036000
6 0.731000 0.553000 0.042000 0.038000
6 0.475000 0.781000 0.042000 0.046000
6 0.508000 0.956000 0.044000 0.044000
1 0.413000 0.218000 0.042000 0.044000
1 0.889000 0.275000 0.042000 0.050000
1 0.761000 0.384000 0.042000 0.048000
1 0.666000 0.552000 0.044000 0.044000
1 0.505000 0.609000 0.046000 0.042000
1 0.443000 0.609000 0.046000 0.046000
1 0.312000 0.606000 0.044000 0.044000
1 0.570000 0.724000 0.044000 0.048000
1 0.760000 0.723000 0.044000 0.042000
1 0.889000 0.722000 0.042000 0.048000
0 0.602000 0.219000 0.040000 0.042000
0 0.255000 0.270000 0.046000 0.044000
0 0.128000 0.270000 0.044000 0.044000
0 0.413000 0.330000 0.042000 0.044000
0 0.543000 0.329000 0.042000 0.042000
0 0.318000 0.381000 0.044000 0.042000
0 0.349000 0.438000 0.042000 0.048000
0 0.572000 0.609000 0.044000 0.046000
0 0.631000 0.608000 0.046000 0.044000
0 0.697000 0.608000 0.046000 0.048000
4 0.193000 0.270000 0.046000 0.048000
4 0.323000 0.273000 0.042000 0.050000
4 0.575000 0.385000 0.042000 0.042000
4 0.445000 0.494000 0.042000 0.044000
4 0.539000 0.552000 0.046000 0.048000
4 0.251000 0.492000 0.046000 0.044000
4 0.283000 0.548000 0.046000 0.044000
4 0.407000 0.665000 0.042000 0.046000
4 0.665000 0.668000 0.042000 0.048000
4 0.476000 0.896000 0.044000 0.044000
3 0.825000 0.383000 0.046000 0.050000
3 0.670000 0.443000 0.044000 0.050000
3 0.701000 0.498000 0.046000 0.048000
3 0.160000 0.327000 0.040000 0.042000
3 0.219000 0.436000 0.042000 0.040000
3 0.283000 0.440000 0.050000 0.044000
3 0.219000 0.549000 0.042000 0.042000
3 0.253000 0.606000 0.050000 0.048000
3 0.602000 0.553000 0.044000 0.042000
3 0.794000 0.667000 0.040000 0.042000
2 0.543000 0.117000 0.030000 0.026000
2 0.509000 0.173000 0.030000 0.030000
2 0.574000 0.175000 0.028000 0.030000
2 0.478000 0.230000 0.032000 0.028000
2 0.539000 0.226000 0.030000 0.028000
2 0.512000 0.283000 0.028000 0.030000
2 0.447000 0.281000 0.026000 0.026000
2 0.386000 0.283000 0.032000 0.030000
2 0.636000 0.285000 0.032000 0.030000
2 0.698000 0.286000 0.028000 0.028000
2 0.760000 0.287000 0.028000 0.030000
2 0.826000 0.285000 0.028000 0.030000
2 0.477000 0.338000 0.030000 0.028000
2 0.289000 0.335000 0.030000 0.030000
2 0.225000 0.335000 0.030000 0.026000
2 0.253000 0.392000 0.026000 0.028000
2 0.380000 0.394000 0.032000 0.028000
2 0.445000 0.392000 0.026000 0.032000
2 0.509000 0.394000 0.030000 0.032000
2 0.605000 0.339000 0.030000 0.034000
2 0.731000 0.340000 0.030000 0.028000
2 0.795000 0.339000 0.030000 0.030000
2 0.857000 0.342000 0.030000 0.028000
2 0.634000 0.394000 0.032000 0.028000
2 0.696000 0.393000 0.028000 0.030000
2 0.414000 0.448000 0.028000 0.024000
2 0.477000 0.448000 0.026000 0.036000
2 0.540000 0.447000 0.032000 0.030000
2 0.729000 0.449000 0.030000 0.030000
2 0.792000 0.450000 0.028000 0.028000
2 0.508000 0.504000 0.032000 0.028000
2 0.762000 0.506000 0.028000 0.028000
2 0.411000 0.559000 0.026000 0.026000
2 0.475000 0.561000 0.030000 0.030000
2 0.186000 0.613000 0.028000 0.030000
2 0.153000 0.674000 0.030000 0.028000
2 0.120000 0.731000 0.028000 0.030000
2 0.184000 0.729000 0.032000 0.030000
2 0.218000 0.672000 0.028000 0.032000
2 0.245000 0.725000 0.030000 0.030000
2 0.283000 0.672000 0.026000 0.028000
2 0.311000 0.728000 0.034000 0.028000
2 0.346000 0.675000 0.032000 0.030000
2 0.376000 0.730000 0.028000 0.028000
2 0.440000 0.731000 0.028000 0.026000
2 0.472000 0.673000 0.028000 0.030000
2 0.505000 0.728000 0.026000 0.028000
2 0.535000 0.674000 0.030000 0.032000
2 0.600000 0.674000 0.028000 0.032000
2 0.728000 0.671000 0.028000 0.030000
2 0.761000 0.617000 0.026000 0.030000
2 0.823000 0.616000 0.030000 0.028000
2 0.695000 0.729000 0.030000 0.030000
2 0.823000 0.729000 0.026000 0.030000
2 0.412000 0.787000 0.032000 0.030000
2 0.538000 0.786000 0.032000 0.028000
2 0.602000 0.788000 0.028000 0.028000
2 0.444000 0.845000 0.028000 0.030000
2 0.504000 0.843000 0.032000 0.030000
2 0.569000 0.844000 0.030000 0.028000
2 0.536000 0.900000 0.028000 0.028000
