6 0.382000 0.267000 0.048000 0.046000
6 0.444000 0.266000 0.036000 0.048000
6 0.508000 0.265000 0.044000 0.046000
6 0.347000 0.324000 0.042000 0.044000
6 0.602000 0.432000 0.044000 0.044000
6 0.376000 0.489000 0.040000 0.046000
6 0.474000 0.549000 0.044000 0.046000
6 0.309000 0.605000 0.046000 0.042000
6 0.471000 0.660000 0.042000 0.040000
6 0.438000 0.719000 0.040000 0.046000
1 0.571000 0.266000 0.042000 0.048000
1 0.633000 0.375000 0.042000 0.050000
1 0.409000 0.434000 0.034000 0.044000
1 0.568000 0.489000 0.036000 0.046000
1 0.599000 0.544000 0.050000 0.048000
1 0.631000 0.603000 0.046000 0.050000
1 0.661000 0.657000 0.042000 0.046000
1 0.504000 0.607000 0.040000 0.042000
1 0.343000 0.549000 0.038000 0.042000
1 0.405000 0.660000 0.046000 0.048000
0 0.413000 0.322000 0.046000 0.048000
0 0.310000 0.379000 0.044000 0.042000
0 0.347000 0.434000 0.042000 0.044000
0 0.442000 0.379000 0.048000 0.050000
0 0.474000 0.429000 0.040000 0.046000
0 0.538000 0.431000 0.048000 0.050000
0 0.503000 0.489000 0.042000 0.046000
0 0.563000 0.601000 0.042000 0.042000
0 0.723000 0.545000 0.042000 0.046000
0 0.694000 0.603000 0.040000 0.046000
5 0.539000 0.322000 0.038000 0.044000
5 0.603000 0.322000 0.042000 0.044000
5 0.503000 0.379000 0.046000 0.042000
5 0.379000 0.379000 0.042000 0.050000
5 0.728000 0.432000 0.048000 0.048000
5 0.537000 0.546000 0.046000 0.048000
5 0.376000 0.604000 0.044000 0.044000
5 0.501000 0.718000 0.042000 0.048000
5 0.564000 0.715000 0.048000 0.046000
5 0.630000 0.717000 0.048000 0.046000
4 0.474000 0.325000 0.048000 0.046000
4 0.692000 0.374000 0.044000 0.048000
4 0.664000 0.434000 0.044000 0.048000
4 0.633000 0.490000 0.042000 0.044000
4 0.442000 0.492000 0.048000 0.044000
4 0.249000 0.493000 0.050000 0.042000
4 0.279000 0.549000 0.046000 0.046000
4 0.373000 0.722000 0.050000 0.052000
4 0.535000 0.658000 0.046000 0.044000
4 0.595000 0.657000 0.042000 0.046000
3 0.664000 0.320000 0.044000 0.048000
3 0.569000 0.374000 0.042000 0.048000
3 0.284000 0.439000 0.052000 0.046000
3 0.315000 0.490000 0.050000 0.044000
3 0.695000 0.491000 0.046000 0.046000
3 0.761000 0.489000 0.046000 0.046000
3 0.663000 0.548000 0.046000 0.048000
3 0.410000 0.548000 0.048000 0.044000
3 0.443000 0.602000 0.046000 0.052000
3 0.342000 0.663000 0.052000 0.042000
2 0.507000 0.050000 0.034000 0.032000
2 0.475000 0.109000 0.034000 0.034000
2 0.538000 0.106000 0.036000 0.032000
2 0.507000 0.166000 0.030000 0.028000
2 0.570000 0.165000 0.028000 0.026000
2 0.442000 0.164000 0.028000 0.024000
2 0.413000 0.221000 0.026000 0.030000
2 0.474000 0.222000 0.028000 0.024000
2 0.537000 0.220000 0.030000 0.028000
2 0.603000 0.221000 0.026000 0.022000
2 0.129000 0.277000 0.030000 0.030000
2 0.188000 0.275000 0.028000 0.034000
2 0.257000 0.278000 0.030000 0.028000
2 0.318000 0.278000 0.024000 0.028000
2 0.158000 0.335000 0.028000 0.030000
2 0.223000 0.332000 0.026000 0.028000
2 0.285000 0.332000 0.030000 0.028000
2 0.186000 0.389000 0.028000 0.026000
2 0.253000 0.389000 0.034000 0.030000
2 0.221000 0.443000 0.030000 0.030000
2 0.631000 0.275000 0.026000 0.026000
2 0.697000 0.273000 0.026000 0.030000
2 0.759000 0.274000 0.026000 0.028000
2 0.821000 0.275000 0.030000 0.030000
2 0.885000 0.273000 0.030000 0.030000
2 0.729000 0.329000 0.030000 0.030000
2 0.791000 0.329000 0.034000 0.034000
2 0.853000 0.328000 0.030000 0.032000
2 0.757000 0.384000 0.030000 0.028000
2 0.820000 0.385000 0.028000 0.030000
2 0.791000 0.441000 0.034000 0.030000
2 0.787000 0.551000 0.030000 0.026000
2 0.755000 0.610000 0.030000 0.032000
2 0.819000 0.605000 0.034000 0.030000
2 0.723000 0.667000 0.030000 0.030000
2 0.785000 0.665000 0.030000 0.030000
2 0.848000 0.664000 0.032000 0.024000
2 0.690000 0.720000 0.032000 0.032000
2 0.755000 0.722000 0.034000 0.032000
2 0.821000 0.720000 0.026000 0.028000
2 0.883000 0.721000 0.030000 0.026000
2 0.217000 0.555000 0.030000 0.030000
2 0.186000 0.614000 0.024000 0.028000
2 0.250000 0.614000 0.028000 0.028000
2 0.218000 0.670000 0.032000 0.032000
2 0.280000 0.671000 0.024000 0.026000
2 0.153000 0.671000 0.030000 0.030000
2 0.118000 0.729000 0.032000 0.030000
2 0.182000 0.728000 0.032000 0.028000
2 0.248000 0.727000 0.028000 0.026000
2 0.309000 0.729000 0.030000 0.030000
2 0.408000 0.784000 0.024000 0.020000
2 0.469000 0.782000 0.034000 0.032000
2 0.531000 0.782000 0.034000 0.036000
2 0.597000 0.781000 0.030000 0.030000
2 0.565000 0.839000 0.030000 0.026000
2 0.501000 0.843000 0.026000 0.030000
2 0.439000 0.843000 0.030000 0.026000
2 0.471000 0.901000 0.034000 0.030000
2 0.535000 0.896000 0.030000 0.032000
2 0.500000 0.955000 0.032000 0.030000
