1 0.477000 0.108000 0.042000 0.044000
1 0.661000 0.331000 0.038000 0.038000
1 0.438000 0.499000 0.036000 0.038000
1 0.248000 0.386000 0.036000 0.036000
1 0.438000 0.614000 0.044000 0.044000
1 0.502000 0.615000 0.044000 0.046000
1 0.309000 0.613000 0.042000 0.046000
1 0.563000 0.725000 0.046000 0.042000
1 0.756000 0.726000 0.044000 0.044000
1 0.501000 0.843000 0.038000 0.046000
6 0.600000 0.220000 0.040000 0.040000
6 0.347000 0.335000 0.042000 0.042000
6 0.189000 0.388000 0.046000 0.048000
6 0.315000 0.498000 0.042000 0.040000
6 0.568000 0.500000 0.040000 0.044000
6 0.728000 0.554000 0.040000 0.044000
6 0.820000 0.611000 0.044000 0.046000
6 0.437000 0.726000 0.046000 0.048000
6 0.408000 0.784000 0.044000 0.044000
6 0.347000 0.558000 0.038000 0.040000
3 0.409000 0.223000 0.038000 0.046000
3 0.444000 0.280000 0.044000 0.044000
3 0.603000 0.334000 0.042000 0.048000
3 0.694000 0.499000 0.040000 0.046000
3 0.599000 0.553000 0.042000 0.050000
3 0.474000 0.556000 0.044000 0.044000
3 0.222000 0.442000 0.044000 0.044000
3 0.217000 0.556000 0.050000 0.048000
3 0.790000 0.670000 0.040000 0.048000
3 0.851000 0.668000 0.042000 0.044000
5 0.443000 0.389000 0.038000 0.046000
5 0.697000 0.277000 0.046000 0.046000
5 0.601000 0.444000 0.042000 0.044000
5 0.409000 0.445000 0.042000 0.038000
5 0.378000 0.501000 0.048000 0.046000
5 0.376000 0.616000 0.048000 0.048000
5 0.629000 0.729000 0.042000 0.046000
5 0.437000 0.845000 0.042000 0.050000
5 0.503000 0.957000 0.042000 0.054000
5 0.119000 0.728000 0.042000 0.044000
0 0.537000 0.333000 0.042000 0.050000
0 0.789000 0.331000 0.042000 0.054000
0 0.472000 0.443000 0.044000 0.046000
0 0.313000 0.388000 0.046000 0.048000
0 0.377000 0.389000 0.046000 0.046000
0 0.345000 0.447000 0.046000 0.054000
0 0.181000 0.728000 0.046000 0.048000
0 0.631000 0.613000 0.042000 0.046000
0 0.691000 0.614000 0.042000 0.044000
0 0.758000 0.613000 0.044000 0.046000
4 0.317000 0.279000 0.046000 0.054000
4 0.569000 0.387000 0.046000 0.050000
4 0.503000 0.500000 0.046000 0.044000
4 0.254000 0.497000 0.048000 0.046000
4 0.285000 0.557000 0.046000 0.046000
4 0.406000 0.554000 0.048000 0.044000
4 0.536000 0.555000 0.044000 0.046000
4 0.663000 0.668000 0.046000 0.044000
4 0.281000 0.670000 0.050000 0.048000
4 0.470000 0.784000 0.048000 0.052000
2 0.508000 0.064000 0.028000 0.036000
2 0.536000 0.120000 0.032000 0.028000
2 0.507000 0.179000 0.034000 0.030000
2 0.566000 0.176000 0.028000 0.036000
2 0.447000 0.178000 0.030000 0.028000
2 0.129000 0.285000 0.030000 0.030000
2 0.159000 0.340000 0.030000 0.032000
2 0.194000 0.287000 0.028000 0.030000
2 0.257000 0.290000 0.034000 0.032000
2 0.223000 0.343000 0.026000 0.030000
2 0.285000 0.340000 0.026000 0.028000
2 0.380000 0.285000 0.032000 0.030000
2 0.474000 0.232000 0.032000 0.032000
2 0.536000 0.235000 0.028000 0.034000
2 0.509000 0.287000 0.034000 0.038000
2 0.567000 0.287000 0.030000 0.034000
2 0.634000 0.287000 0.036000 0.034000
2 0.757000 0.285000 0.030000 0.030000
2 0.821000 0.287000 0.030000 0.038000
2 0.885000 0.285000 0.030000 0.038000
2 0.475000 0.342000 0.030000 0.032000
2 0.411000 0.343000 0.030000 0.030000
2 0.727000 0.343000 0.030000 0.030000
2 0.853000 0.341000 0.030000 0.034000
2 0.504000 0.397000 0.028000 0.030000
2 0.285000 0.455000 0.030000 0.030000
2 0.538000 0.449000 0.028000 0.030000
2 0.632000 0.394000 0.028000 0.032000
2 0.694000 0.399000 0.032000 0.034000
2 0.755000 0.396000 0.030000 0.036000
2 0.815000 0.394000 0.030000 0.036000
2 0.788000 0.451000 0.028000 0.030000
2 0.727000 0.452000 0.030000 0.028000
2 0.665000 0.455000 0.034000 0.034000
2 0.628000 0.509000 0.032000 0.030000
2 0.757000 0.509000 0.030000 0.034000
2 0.663000 0.562000 0.030000 0.032000
2 0.785000 0.557000 0.030000 0.030000
2 0.566000 0.620000 0.028000 0.032000
2 0.249000 0.622000 0.034000 0.028000
2 0.187000 0.621000 0.030000 0.030000
2 0.152000 0.675000 0.032000 0.030000
2 0.218000 0.679000 0.028000 0.030000
2 0.245000 0.737000 0.034000 0.034000
2 0.310000 0.734000 0.028000 0.028000
2 0.375000 0.735000 0.026000 0.034000
2 0.343000 0.679000 0.030000 0.030000
2 0.405000 0.679000 0.030000 0.030000
2 0.469000 0.678000 0.026000 0.032000
2 0.532000 0.678000 0.028000 0.028000
2 0.502000 0.734000 0.032000 0.032000
2 0.597000 0.677000 0.030000 0.026000
2 0.724000 0.675000 0.028000 0.030000
2 0.693000 0.733000 0.030000 0.030000
2 0.818000 0.732000 0.036000 0.032000
2 0.880000 0.734000 0.032000 0.036000
2 0.533000 0.791000 0.030000 0.030000
2 0.598000 0.791000 0.028000 0.030000
2 0.566000 0.848000 0.032000 0.032000
2 0.534000 0.906000 0.028000 0.032000
2 0.470000 0.909000 0.032000 0.030000
