5 0.501000 0.053000 0.042000 0.050000
5 0.440000 0.162000 0.048000 0.040000
5 0.820000 0.384000 0.040000 0.040000
5 0.789000 0.440000 0.046000 0.048000
5 0.376000 0.384000 0.036000 0.040000
5 0.119000 0.722000 0.046000 0.040000
5 0.538000 0.888000 0.048000 0.044000
5 0.507000 0.945000 0.042000 0.042000
5 0.632000 0.717000 0.040000 0.046000
5 0.851000 0.661000 0.042000 0.046000
6 0.819000 0.274000 0.038000 0.048000
6 0.472000 0.107000 0.044000 0.046000
6 0.346000 0.327000 0.040000 0.042000
6 0.187000 0.382000 0.042000 0.044000
6 0.150000 0.663000 0.040000 0.038000
6 0.247000 0.720000 0.042000 0.044000
6 0.411000 0.779000 0.038000 0.046000
6 0.443000 0.830000 0.042000 0.044000
6 0.475000 0.890000 0.038000 0.040000
6 0.790000 0.549000 0.036000 0.042000
0 0.533000 0.110000 0.038000 0.040000
0 0.562000 0.163000 0.044000 0.046000
0 0.597000 0.218000 0.038000 0.044000
0 0.629000 0.271000 0.038000 0.046000
0 0.821000 0.603000 0.042000 0.042000
0 0.408000 0.328000 0.040000 0.040000
0 0.122000 0.271000 0.040000 0.042000
0 0.566000 0.605000 0.044000 0.038000
0 0.313000 0.382000 0.042000 0.044000
0 0.344000 0.439000 0.040000 0.046000
1 0.403000 0.219000 0.042000 0.046000
1 0.694000 0.274000 0.040000 0.044000
1 0.883000 0.274000 0.038000 0.044000
1 0.883000 0.714000 0.038000 0.044000
1 0.503000 0.605000 0.038000 0.042000
1 0.760000 0.720000 0.044000 0.044000
1 0.821000 0.714000 0.046000 0.044000
1 0.695000 0.718000 0.042000 0.044000
1 0.311000 0.718000 0.046000 0.048000
1 0.186000 0.608000 0.040000 0.044000
4 0.317000 0.276000 0.038000 0.048000
4 0.256000 0.274000 0.044000 0.048000
4 0.188000 0.270000 0.040000 0.040000
4 0.249000 0.495000 0.042000 0.046000
4 0.285000 0.553000 0.046000 0.046000
4 0.759000 0.385000 0.038000 0.046000
4 0.600000 0.662000 0.040000 0.044000
4 0.379000 0.719000 0.046000 0.046000
4 0.571000 0.830000 0.042000 0.044000
3 0.156000 0.331000 0.044000 0.046000
3 0.692000 0.495000 0.044000 0.042000
3 0.760000 0.277000 0.040000 0.042000
3 0.851000 0.330000 0.046000 0.044000
3 0.757000 0.495000 0.046000 0.046000
3 0.787000 0.662000 0.042000 0.044000
3 0.600000 0.775000 0.044000 0.046000
3 0.219000 0.439000 0.042000 0.046000
3 0.283000 0.442000 0.046000 0.040000
3 0.220000 0.553000 0.048000 0.046000
2 0.504000 0.178000 0.032000 0.032000
2 0.472000 0.232000 0.028000 0.032000
2 0.535000 0.230000 0.034000 0.028000
2 0.381000 0.286000 0.030000 0.028000
2 0.444000 0.286000 0.028000 0.028000
2 0.507000 0.286000 0.030000 0.028000
2 0.567000 0.287000 0.030000 0.030000
2 0.536000 0.342000 0.028000 0.028000
2 0.474000 0.339000 0.028000 0.026000
2 0.286000 0.341000 0.028000 0.026000
2 0.221000 0.340000 0.030000 0.028000
2 0.252000 0.394000 0.028000 0.032000
2 0.441000 0.394000 0.030000 0.032000
2 0.410000 0.449000 0.028000 0.026000
2 0.379000 0.504000 0.026000 0.028000
2 0.317000 0.504000 0.030000 0.024000
2 0.344000 0.559000 0.032000 0.030000
2 0.315000 0.615000 0.030000 0.026000
2 0.252000 0.613000 0.028000 0.026000
2 0.219000 0.670000 0.030000 0.028000
2 0.281000 0.671000 0.030000 0.026000
2 0.345000 0.671000 0.026000 0.030000
2 0.378000 0.616000 0.036000 0.028000
2 0.409000 0.558000 0.030000 0.028000
2 0.504000 0.393000 0.028000 0.026000
2 0.472000 0.448000 0.032000 0.028000
2 0.442000 0.504000 0.028000 0.028000
2 0.472000 0.560000 0.032000 0.032000
2 0.443000 0.615000 0.034000 0.030000
2 0.406000 0.672000 0.032000 0.028000
2 0.473000 0.671000 0.030000 0.030000
2 0.444000 0.729000 0.028000 0.026000
2 0.504000 0.726000 0.032000 0.024000
2 0.535000 0.669000 0.030000 0.026000
2 0.569000 0.727000 0.026000 0.030000
2 0.539000 0.784000 0.034000 0.032000
2 0.475000 0.782000 0.030000 0.028000
2 0.661000 0.669000 0.030000 0.026000
2 0.504000 0.836000 0.028000 0.028000
2 0.598000 0.340000 0.028000 0.032000
2 0.566000 0.393000 0.032000 0.030000
2 0.534000 0.446000 0.032000 0.028000
2 0.505000 0.504000 0.026000 0.028000
2 0.533000 0.558000 0.026000 0.028000
2 0.597000 0.557000 0.030000 0.030000
2 0.629000 0.615000 0.026000 0.030000
2 0.693000 0.615000 0.030000 0.026000
2 0.724000 0.667000 0.032000 0.030000
2 0.756000 0.613000 0.032000 0.026000
2 0.723000 0.558000 0.030000 0.028000
2 0.660000 0.557000 0.028000 0.030000
2 0.629000 0.502000 0.026000 0.024000
2 0.567000 0.504000 0.030000 0.028000
2 0.662000 0.341000 0.028000 0.030000
2 0.723000 0.339000 0.030000 0.030000
2 0.786000 0.338000 0.028000 0.028000
2 0.630000 0.392000 0.028000 0.032000
2 0.691000 0.393000 0.030000 0.034000
2 0.599000 0.450000 0.030000 0.032000
2 0.661000 0.448000 0.026000 0.028000
2 0.723000 0.447000 0.026000 0.026000
