2 0.503000 0.053000 0.026000 0.034000
2 0.472000 0.108000 0.028000 0.032000
2 0.535000 0.110000 0.026000 0.028000
2 0.501000 0.165000 0.034000 0.034000
2 0.438000 0.166000 0.028000 0.032000
2 0.563000 0.163000 0.030000 0.030000
2 0.597000 0.222000 0.034000 0.032000
2 0.534000 0.221000 0.032000 0.034000
2 0.469000 0.222000 0.026000 0.028000
2 0.407000 0.220000 0.026000 0.028000
2 0.127000 0.275000 0.030000 0.026000
2 0.192000 0.276000 0.028000 0.028000
2 0.253000 0.276000 0.026000 0.032000
2 0.313000 0.275000 0.030000 0.030000
2 0.377000 0.276000 0.034000 0.036000
2 0.442000 0.277000 0.028000 0.034000
2 0.502000 0.277000 0.032000 0.030000
2 0.564000 0.275000 0.032000 0.030000
2 0.629000 0.279000 0.030000 0.030000
2 0.692000 0.276000 0.032000 0.036000
2 0.758000 0.280000 0.028000 0.028000
2 0.820000 0.279000 0.032000 0.030000
2 0.884000 0.278000 0.032000 0.032000
2 0.159000 0.330000 0.030000 0.036000
2 0.221000 0.333000 0.026000 0.030000
2 0.283000 0.332000 0.026000 0.028000
2 0.347000 0.332000 0.026000 0.028000
2 0.412000 0.332000 0.028000 0.028000
2 0.470000 0.330000 0.028000 0.028000
2 0.534000 0.330000 0.032000 0.032000
2 0.596000 0.332000 0.028000 0.032000
2 0.660000 0.332000 0.032000 0.032000
2 0.725000 0.331000 0.026000 0.030000
2 0.786000 0.332000 0.028000 0.032000
2 0.852000 0.331000 0.032000 0.030000
2 0.188000 0.385000 0.028000 0.030000
2 0.251000 0.388000 0.030000 0.024000
2 0.311000 0.386000 0.030000 0.028000
2 0.375000 0.385000 0.030000 0.034000
2 0.436000 0.385000 0.028000 0.026000
2 0.503000 0.389000 0.030000 0.026000
2 0.564000 0.385000 0.032000 0.030000
2 0.625000 0.386000 0.026000 0.028000
2 0.689000 0.386000 0.026000 0.032000
2 0.753000 0.386000 0.030000 0.028000
2 0.817000 0.386000 0.030000 0.032000
2 0.218000 0.440000 0.028000 0.028000
2 0.282000 0.440000 0.028000 0.032000
2 0.345000 0.442000 0.030000 0.028000
2 0.406000 0.441000 0.028000 0.026000
2 0.468000 0.441000 0.028000 0.030000
2 0.533000 0.442000 0.030000 0.032000
2 0.595000 0.441000 0.030000 0.030000
2 0.657000 0.442000 0.030000 0.032000
2 0.721000 0.441000 0.030000 0.034000
2 0.784000 0.443000 0.028000 0.030000
2 0.248000 0.493000 0.032000 0.026000
2 0.312000 0.495000 0.032000 0.030000
2 0.376000 0.497000 0.032000 0.030000
2 0.437000 0.497000 0.030000 0.030000
2 0.500000 0.497000 0.028000 0.026000
2 0.564000 0.498000 0.032000 0.028000
2 0.627000 0.495000 0.030000 0.030000
2 0.690000 0.497000 0.028000 0.030000
2 0.754000 0.499000 0.032000 0.030000
2 0.219000 0.551000 0.030000 0.030000
2 0.280000 0.551000 0.028000 0.030000
2 0.342000 0.550000 0.028000 0.028000
2 0.404000 0.552000 0.028000 0.032000
2 0.469000 0.551000 0.026000 0.030000
2 0.531000 0.552000 0.030000 0.028000
2 0.594000 0.554000 0.032000 0.032000
2 0.658000 0.552000 0.028000 0.032000
2 0.719000 0.552000 0.026000 0.032000
2 0.784000 0.556000 0.024000 0.028000
2 0.188000 0.603000 0.032000 0.030000
2 0.253000 0.606000 0.030000 0.036000
2 0.312000 0.608000 0.032000 0.036000
2 0.372000 0.606000 0.032000 0.032000
2 0.435000 0.607000 0.030000 0.030000
2 0.500000 0.609000 0.028000 0.030000
2 0.559000 0.608000 0.034000 0.032000
2 0.626000 0.610000 0.036000 0.028000
2 0.688000 0.607000 0.028000 0.030000
2 0.749000 0.610000 0.034000 0.032000
2 0.815000 0.610000 0.030000 0.036000
2 0.780000 0.666000 0.032000 0.032000
2 0.845000 0.668000 0.030000 0.032000
2 0.720000 0.665000 0.024000 0.026000
2 0.656000 0.666000 0.032000 0.032000
2 0.592000 0.665000 0.028000 0.030000
2 0.529000 0.664000 0.030000 0.032000
2 0.464000 0.663000 0.032000 0.026000
2 0.403000 0.666000 0.026000 0.032000
2 0.341000 0.662000 0.030000 0.032000
2 0.281000 0.662000 0.030000 0.028000
2 0.217000 0.662000 0.034000 0.032000
2 0.156000 0.661000 0.028000 0.030000
2 0.125000 0.715000 0.026000 0.026000
2 0.187000 0.717000 0.034000 0.030000
2 0.248000 0.716000 0.032000 0.032000
2 0.309000 0.719000 0.030000 0.030000
2 0.373000 0.720000 0.030000 0.032000
2 0.436000 0.717000 0.028000 0.034000
2 0.499000 0.721000 0.030000 0.034000
2 0.561000 0.722000 0.026000 0.032000
2 0.623000 0.723000 0.030000 0.034000
2 0.687000 0.724000 0.030000 0.028000
2 0.749000 0.720000 0.034000 0.032000
2 0.814000 0.725000 0.032000 0.030000
2 0.877000 0.724000 0.030000 0.036000
2 0.405000 0.774000 0.030000 0.028000
2 0.466000 0.775000 0.028000 0.030000
2 0.532000 0.776000 0.032000 0.032000
2 0.593000 0.777000 0.030000 0.030000
2 0.437000 0.832000 0.026000 0.028000
2 0.498000 0.831000 0.028000 0.030000
2 0.561000 0.834000 0.030000 0.032000
2 0.468000 0.887000 0.028000 0.030000
2 0.531000 0.890000 0.030000 0.032000
2 0.501000 0.946000 0.026000 0.028000
