0 0.490625 0.364583 0.009375 0.020833
1 0.464453 0.384028 0.010156 0.020833
2 0.548438 0.389583 0.007812 0.012500
3 0.565234 0.384722 0.010156 0.022222
4 0.597656 0.487500 0.010937 0.022222
5 0.487500 0.579861 0.012500 0.023611
6 0.459766 0.554861 0.011719 0.023611
0 0.515625 0.309028 0.010937 0.020833
0 0.506641 0.327778 0.010156 0.019444
0 0.499609 0.345833 0.010156 0.019444
0 0.507031 0.365278 0.010937 0.022222
0 0.516016 0.346528 0.011719 0.020833
0 0.522656 0.327778 0.010937 0.019444
0 0.532422 0.345833 0.011719 0.022222
0 0.524219 0.365278 0.010937 0.022222
0 0.540625 0.365972 0.010937 0.020833
1 0.412500 0.382639 0.010937 0.020833
1 0.430078 0.382639 0.011719 0.020833
1 0.447266 0.383333 0.010156 0.022222
1 0.420312 0.400694 0.010937 0.020833
1 0.428906 0.420139 0.010937 0.020833
1 0.436328 0.440972 0.011719 0.023611
1 0.437500 0.401389 0.010937 0.022222
1 0.446094 0.421528 0.010937 0.023611
1 0.455078 0.402778 0.011719 0.025000
2 0.480859 0.389583 0.008594 0.012500
2 0.497656 0.388889 0.007812 0.011111
2 0.514453 0.389583 0.008594 0.012500
2 0.531641 0.389583 0.008594 0.012500
2 0.471875 0.408333 0.009375 0.011111
2 0.489063 0.407639 0.009375 0.012500
2 0.506250 0.408333 0.007812 0.011111
2 0.523438 0.408333 0.009375 0.013889
2 0.540234 0.408333 0.008594 0.013889
2 0.557422 0.409028 0.008594 0.012500
2 0.463672 0.427778 0.008594 0.013889
2 0.480469 0.427083 0.009375 0.012500
2 0.498047 0.427778 0.008594 0.013889
2 0.515234 0.428472 0.008594 0.012500
2 0.532422 0.427778 0.008594 0.013889
2 0.550000 0.429167 0.007812 0.013889
2 0.567578 0.428472 0.008594 0.015278
2 0.453906 0.447222 0.010937 0.011111
2 0.444922 0.467361 0.008594 0.012500
2 0.471484 0.447917 0.008594 0.012500
2 0.462109 0.468750 0.008594 0.012500
2 0.453125 0.489583 0.009375 0.015278
2 0.461719 0.511111 0.009375 0.013889
2 0.488672 0.448611 0.008594 0.013889
2 0.480078 0.468750 0.008594 0.015278
2 0.471094 0.489583 0.009375 0.015278
2 0.479687 0.513194 0.009375 0.015278
2 0.469922 0.535417 0.010156 0.015278
2 0.478906 0.559028 0.009375 0.015278
2 0.497266 0.559028 0.010156 0.015278
2 0.488281 0.536806 0.009375 0.015278
2 0.507031 0.536111 0.009375 0.013889
2 0.516016 0.559028 0.010156 0.015278
2 0.534375 0.560417 0.009375 0.015278
2 0.553516 0.561111 0.010156 0.016667
2 0.489063 0.490972 0.009375 0.015278
2 0.497266 0.513194 0.010156 0.015278
2 0.507031 0.490972 0.009375 0.015278
2 0.497656 0.468750 0.009375 0.015278
2 0.505859 0.448611 0.010156 0.013889
2 0.515625 0.469444 0.009375 0.013889
2 0.516016 0.513889 0.010156 0.013889
2 0.525781 0.536806 0.009375 0.015278
2 0.533984 0.514583 0.010156 0.015278
2 0.525000 0.490972 0.009375 0.015278
2 0.532813 0.469444 0.009375 0.016667
2 0.523438 0.449306 0.009375 0.015278
2 0.541406 0.447917 0.007812 0.012500
2 0.551172 0.470139 0.008594 0.015278
2 0.542578 0.491667 0.010156 0.013889
2 0.552344 0.513889 0.010937 0.013889
2 0.543750 0.536806 0.009375 0.015278
2 0.562500 0.536806 0.010937 0.015278
2 0.559375 0.449306 0.009375 0.015278
2 0.576172 0.449306 0.010156 0.012500
2 0.568359 0.470139 0.010156 0.015278
2 0.560547 0.492361 0.010156 0.015278
2 0.570312 0.515278 0.009375 0.013889
2 0.578516 0.491667 0.008594 0.013889
2 0.586719 0.470139 0.010937 0.015278
4 0.589453 0.510417 0.011719 0.020833
4 0.581250 0.533333 0.010937 0.022222
4 0.572266 0.556250 0.011719 0.023611
4 0.591406 0.556944 0.010937 0.022222
4 0.600000 0.532639 0.012500 0.023611
4 0.607031 0.510417 0.010937 0.020833
4 0.618359 0.533333 0.011719 0.022222
4 0.610156 0.556944 0.012500 0.025000
4 0.629297 0.557639 0.011719 0.023611
5 0.506250 0.580556 0.012500 0.022222
5 0.496875 0.604861 0.010937 0.023611
5 0.506641 0.630556 0.013281 0.025000
5 0.515234 0.658333 0.013281 0.025000
5 0.516406 0.604861 0.012500 0.023611
5 0.526172 0.632639 0.013281 0.026389
5 0.525391 0.581250 0.011719 0.026389
5 0.535156 0.606250 0.012500 0.026389
5 0.544141 0.581944 0.011719 0.025000
6 0.435156 0.484028 0.010937 0.020833
6 0.425000 0.505556 0.010937 0.022222
6 0.414844 0.529167 0.010937 0.022222
6 0.403516 0.553472 0.011719 0.023611
6 0.421875 0.552778 0.012500 0.025000
6 0.433203 0.529861 0.011719 0.023611
6 0.441016 0.554167 0.013281 0.027778
6 0.442578 0.507639 0.011719 0.023611
6 0.451562 0.529861 0.012500 0.023611
3 0.582422 0.385417 0.011719 0.020833
3 0.599609 0.385417 0.010156 0.020833
3 0.617188 0.386111 0.010937 0.022222
3 0.609766 0.405556 0.011719 0.022222
3 0.591797 0.403472 0.011719 0.020833
3 0.575000 0.404861 0.010937 0.023611
3 0.584766 0.424306 0.011719 0.023611
3 0.594531 0.444444 0.010937 0.022222
3 0.602344 0.424306 0.012500 0.023611
