0 0.516016 0.309722 0.010156 0.019444
0 0.507422 0.327778 0.010156 0.019444
0 0.523047 0.327778 0.010156 0.019444
0 0.531641 0.346528 0.010156 0.020833
0 0.541406 0.364583 0.010937 0.020833
0 0.532422 0.384028 0.010156 0.020833
0 0.507422 0.366667 0.010156 0.019444
0 0.490625 0.365972 0.009375 0.020833
0 0.540625 0.403472 0.010937 0.020833
0 0.532813 0.423611 0.010937 0.019444
2 0.498828 0.351389 0.007031 0.011111
2 0.515234 0.352083 0.007031 0.009722
2 0.524219 0.370833 0.007812 0.011111
2 0.480469 0.388889 0.007812 0.011111
2 0.497656 0.388889 0.007812 0.011111
2 0.514844 0.389583 0.007812 0.009722
2 0.548438 0.389583 0.007812 0.012500
1 0.413281 0.382639 0.010937 0.020833
1 0.421094 0.402778 0.010937 0.019444
1 0.430469 0.384028 0.010937 0.020833
1 0.446875 0.384028 0.010937 0.020833
1 0.454688 0.403472 0.010937 0.020833
1 0.464844 0.384028 0.010937 0.020833
1 0.453906 0.442361 0.010937 0.020833
1 0.462109 0.463194 0.011719 0.023611
1 0.480078 0.464583 0.011719 0.020833
1 0.507422 0.531944 0.011719 0.022222
2 0.438281 0.407639 0.009375 0.012500
2 0.429297 0.427083 0.008594 0.012500
2 0.446094 0.428472 0.007812 0.012500
2 0.436328 0.446528 0.008594 0.012500
2 0.444531 0.468056 0.009375 0.011111
2 0.463281 0.427778 0.009375 0.013889
2 0.472266 0.407639 0.008594 0.012500
2 0.488672 0.407639 0.008594 0.012500
2 0.480469 0.427778 0.009375 0.013889
2 0.471484 0.447222 0.010156 0.011111
2 0.488672 0.447917 0.008594 0.015278
2 0.497656 0.429167 0.007812 0.013889
2 0.505859 0.409028 0.008594 0.012500
2 0.506250 0.448611 0.009375 0.013889
2 0.497656 0.468750 0.009375 0.012500
2 0.488672 0.490278 0.008594 0.013889
2 0.453125 0.489583 0.009375 0.012500
2 0.470703 0.490278 0.008594 0.013889
2 0.460938 0.512500 0.009375 0.013889
2 0.479687 0.513194 0.009375 0.015278
2 0.433594 0.534722 0.009375 0.013889
2 0.441016 0.558333 0.010156 0.013889
2 0.459375 0.559028 0.009375 0.015278
2 0.478906 0.559722 0.009375 0.016667
6 0.434766 0.484028 0.011719 0.023611
6 0.424609 0.506944 0.011719 0.022222
6 0.442969 0.506250 0.012500 0.023611
6 0.451562 0.529861 0.012500 0.023611
6 0.414844 0.529167 0.012500 0.022222
6 0.403906 0.553472 0.012500 0.023611
6 0.421875 0.553472 0.012500 0.023611
6 0.469922 0.531250 0.011719 0.023611
6 0.498047 0.508333 0.011719 0.022222
6 0.497656 0.555556 0.012500 0.025000
5 0.488672 0.531944 0.011719 0.022222
5 0.487500 0.580556 0.012500 0.025000
5 0.496094 0.604861 0.012500 0.026389
5 0.544141 0.532639 0.011719 0.020833
5 0.553906 0.556944 0.010937 0.022222
5 0.562891 0.534028 0.011719 0.023611
5 0.516797 0.605556 0.013281 0.025000
5 0.506250 0.631250 0.012500 0.026389
5 0.525781 0.632639 0.012500 0.023611
5 0.515625 0.658333 0.012500 0.025000
2 0.516016 0.559722 0.008594 0.013889
2 0.506250 0.584722 0.009375 0.013889
2 0.525391 0.584028 0.010156 0.015278
2 0.544141 0.585417 0.010156 0.018056
2 0.535156 0.609028 0.009375 0.015278
2 0.523828 0.448611 0.007031 0.013889
2 0.515625 0.469444 0.009375 0.013889
2 0.506641 0.489583 0.010156 0.012500
2 0.540625 0.449306 0.009375 0.015278
2 0.532813 0.470139 0.007812 0.012500
2 0.525000 0.490972 0.009375 0.015278
2 0.516406 0.514583 0.010937 0.015278
2 0.525391 0.536806 0.010156 0.015278
2 0.533594 0.513889 0.009375 0.013889
2 0.542969 0.492361 0.009375 0.015278
2 0.551172 0.469444 0.010156 0.013889
2 0.560547 0.491667 0.010156 0.013889
2 0.552344 0.515278 0.010937 0.013889
2 0.570703 0.514583 0.010156 0.015278
2 0.571875 0.561111 0.009375 0.013889
4 0.535156 0.556944 0.012500 0.022222
4 0.523438 0.403472 0.010937 0.020833
4 0.587500 0.465278 0.010937 0.022222
4 0.579297 0.487500 0.011719 0.022222
4 0.589063 0.509028 0.012500 0.023611
4 0.581641 0.532639 0.011719 0.026389
4 0.591797 0.557639 0.013281 0.023611
4 0.610547 0.558333 0.013281 0.025000
4 0.617969 0.534028 0.012500 0.023611
4 0.629297 0.557639 0.013281 0.023611
2 0.596875 0.493056 0.009375 0.013889
2 0.606641 0.515278 0.010156 0.013889
2 0.598828 0.537500 0.010156 0.013889
2 0.550000 0.427778 0.007812 0.011111
2 0.557031 0.408333 0.009375 0.013889
2 0.574609 0.408333 0.008594 0.011111
2 0.582031 0.390278 0.009375 0.013889
2 0.584375 0.429167 0.009375 0.013889
2 0.576953 0.448611 0.010156 0.013889
2 0.568359 0.470833 0.010156 0.013889
3 0.515234 0.423611 0.011719 0.022222
3 0.559375 0.443056 0.012500 0.022222
3 0.567969 0.423611 0.012500 0.022222
3 0.566016 0.384722 0.011719 0.022222
3 0.600391 0.384722 0.011719 0.022222
3 0.592187 0.405556 0.012500 0.022222
3 0.594531 0.445139 0.012500 0.023611
3 0.602734 0.424306 0.011719 0.023611
3 0.609766 0.404167 0.011719 0.022222
3 0.617188 0.386111 0.010937 0.022222
