0 0.469411 0.118221 0.031415 0.032738
1 0.539352 0.238757 0.031085 0.031085
1 0.280919 0.280258 0.030754 0.031415
0 0.515377 0.198413 0.031415 0.032407
1 0.304894 0.320767 0.031746 0.030423
2 0.445437 0.161706 0.022487 0.022487
2 0.491071 0.160714 0.022487 0.021164
3 0.607308 0.278935 0.031415 0.030093
4 0.704696 0.519180 0.031746 0.031746
5 0.473049 0.602183 0.031415 0.031085
6 0.260251 0.481812 0.032407 0.031746
2 0.469246 0.201720 0.022487 0.021164
2 0.421958 0.281746 0.022487 0.021164
2 0.467262 0.282407 0.022487 0.021164
2 0.513228 0.280754 0.022487 0.021164
2 0.560185 0.281085 0.022487 0.021164
6 0.422950 0.199239 0.032407 0.032738
3 0.399967 0.240079 0.030754 0.031746
4 0.445933 0.240245 0.032077 0.031415
5 0.493056 0.239583 0.031085 0.031415
4 0.233796 0.280423 0.032407 0.031746
4 0.326389 0.280423 0.032407 0.031746
4 0.375992 0.439153 0.032407 0.031746
4 0.493717 0.480159 0.032407 0.031746
4 0.424272 0.520172 0.032407 0.031746
4 0.565476 0.520503 0.032407 0.031746
4 0.400132 0.644180 0.032407 0.031746
4 0.707672 0.601852 0.032407 0.031746
3 0.257275 0.320271 0.031085 0.032077
3 0.235780 0.359954 0.031085 0.032077
3 0.376653 0.359954 0.031085 0.032077
3 0.540013 0.397652 0.031085 0.032077
3 0.703042 0.355489 0.033069 0.035714
3 0.681878 0.477679 0.031085 0.032077
3 0.330357 0.604332 0.031085 0.032077
3 0.447421 0.643353 0.031085 0.032077
2 0.189815 0.282077 0.022487 0.021164
2 0.211971 0.321429 0.022487 0.021164
2 0.351852 0.322090 0.022487 0.021164
2 0.398148 0.321759 0.022487 0.021164
0 0.282738 0.359788 0.032407 0.032407
0 0.329034 0.359788 0.032407 0.032407
0 0.563161 0.358135 0.032407 0.032407
0 0.748347 0.277116 0.032407 0.032407
0 0.494709 0.642857 0.032407 0.032407
0 0.495370 0.725860 0.032407 0.032407
0 0.236442 0.604167 0.032407 0.032407
2 0.306878 0.400794 0.022487 0.021164
2 0.283069 0.441138 0.022487 0.021164
2 0.330688 0.441138 0.022487 0.021164
2 0.353505 0.401455 0.022487 0.021164
2 0.308532 0.481151 0.022487 0.021164
2 0.354828 0.480489 0.022487 0.021164
2 0.238426 0.521825 0.022487 0.021164
2 0.191138 0.604167 0.022487 0.021164
2 0.262566 0.562831 0.022487 0.021164
2 0.284392 0.602844 0.022487 0.021164
6 0.213294 0.562831 0.032407 0.031746
6 0.469081 0.439319 0.030754 0.031415
6 0.444940 0.318948 0.030754 0.031415
6 0.538029 0.317295 0.033069 0.033399
6 0.701389 0.276620 0.033069 0.033399
6 0.612434 0.601025 0.032407 0.033399
6 0.468915 0.770007 0.032407 0.033399
5 0.308036 0.562169 0.031415 0.031085
5 0.307374 0.561508 0.031415 0.031085
5 0.541501 0.642196 0.031415 0.031085
5 0.519015 0.683862 0.031415 0.031085
5 0.635747 0.560516 0.031415 0.031085
5 0.630952 0.317295 0.034392 0.032077
5 0.471230 0.358300 0.034392 0.032077
5 0.399471 0.399636 0.034392 0.032077
5 0.374669 0.280093 0.031746 0.031746
2 0.653108 0.278439 0.022487 0.021164
2 0.676918 0.318783 0.022487 0.021164
2 0.723545 0.317791 0.022487 0.021164
2 0.608796 0.359127 0.022487 0.021164
2 0.584656 0.320437 0.022487 0.021164
2 0.655423 0.358466 0.022487 0.021164
2 0.491733 0.321098 0.022487 0.021164
2 0.516204 0.360119 0.022487 0.021164
2 0.423280 0.360450 0.022487 0.021164
1 0.680556 0.397156 0.031085 0.031085
1 0.516534 0.437831 0.031085 0.031085
1 0.587963 0.478836 0.031085 0.031085
1 0.754960 0.599868 0.031085 0.031085
1 0.469246 0.684854 0.031085 0.031085
1 0.283399 0.521825 0.031085 0.031085
2 0.446759 0.400132 0.022487 0.021164
2 0.492725 0.399471 0.022487 0.021164
2 0.423942 0.439815 0.022487 0.021164
2 0.401124 0.480159 0.022487 0.021164
2 0.447751 0.481151 0.022487 0.021164
2 0.377976 0.521825 0.022487 0.021164
2 0.331680 0.522156 0.022487 0.021164
2 0.355820 0.561839 0.022487 0.021164
2 0.378307 0.601521 0.022487 0.021164
2 0.425926 0.602183 0.022487 0.021164
2 0.401786 0.562831 0.022487 0.021164
2 0.448743 0.562169 0.022487 0.021164
2 0.470899 0.521495 0.022487 0.021164
2 0.517526 0.520833 0.022487 0.021164
2 0.495370 0.560847 0.022487 0.021164
2 0.517857 0.601521 0.022487 0.021164
2 0.589286 0.560185 0.022487 0.021164
2 0.565146 0.601521 0.022487 0.021164
2 0.585979 0.398810 0.022487 0.021164
2 0.562831 0.439153 0.022487 0.021164
2 0.540675 0.479167 0.022487 0.021164
2 0.610780 0.519841 0.022487 0.021164
2 0.656085 0.519511 0.022487 0.021164
2 0.680556 0.558201 0.022487 0.021164
2 0.659061 0.600198 0.022487 0.021164
2 0.727183 0.559524 0.022487 0.021164
2 0.631944 0.398810 0.022487 0.021164
2 0.609127 0.438823 0.022487 0.021164
2 0.655423 0.438161 0.022487 0.021164
2 0.633929 0.478175 0.022487 0.021164
2 0.423611 0.684193 0.022487 0.021164
2 0.447421 0.725198 0.022487 0.021164
2 0.543320 0.558862 0.022487 0.021164
