2 0.509094 0.114749 0.023479 0.023810
2 0.482308 0.158565 0.024802 0.023479
2 0.531250 0.158069 0.024140 0.021825
2 0.458499 0.199735 0.024802 0.023810
2 0.556382 0.201224 0.024140 0.023479
2 0.481812 0.244048 0.023810 0.023148
2 0.432870 0.243221 0.023148 0.024140
2 0.531911 0.244048 0.022156 0.023810
2 0.581515 0.244874 0.024140 0.023479
2 0.455026 0.285549 0.023810 0.023479
2 0.504464 0.286210 0.023479 0.022817
2 0.603175 0.286706 0.023148 0.024471
2 0.652778 0.286210 0.023810 0.024802
2 0.752646 0.288194 0.022487 0.024140
2 0.802249 0.287698 0.024471 0.023148
2 0.627315 0.328208 0.025794 0.022817
2 0.727513 0.330688 0.024471 0.025132
2 0.653274 0.371362 0.024140 0.022487
2 0.554729 0.370370 0.024802 0.022487
2 0.753472 0.371693 0.024140 0.024471
2 0.577546 0.412864 0.024140 0.023479
2 0.726521 0.414352 0.023810 0.023148
2 0.207176 0.280754 0.022156 0.023148
2 0.256448 0.281415 0.024140 0.024471
2 0.306217 0.282738 0.024471 0.024471
2 0.355820 0.283565 0.025132 0.024140
2 0.380291 0.326720 0.023810 0.022487
2 0.429233 0.326720 0.024471 0.023810
2 0.230489 0.323413 0.024471 0.023148
2 0.256118 0.365741 0.024802 0.024471
2 0.304563 0.451554 0.022487 0.023479
2 0.279927 0.494544 0.023479 0.022817
2 0.303571 0.538360 0.023810 0.023810
2 0.329861 0.494709 0.023479 0.022487
2 0.379795 0.496693 0.023479 0.024471
2 0.353836 0.539352 0.023810 0.023810
2 0.403604 0.540013 0.023479 0.023810
2 0.279101 0.581515 0.024471 0.024140
2 0.251488 0.624339 0.024802 0.023810
2 0.201224 0.623677 0.023479 0.023810
2 0.352017 0.625992 0.024140 0.024471
2 0.652116 0.456019 0.023148 0.023810
2 0.528274 0.498181 0.023479 0.023479
2 0.577712 0.498512 0.024471 0.023479
2 0.677249 0.499504 0.023810 0.023479
2 0.727348 0.500661 0.024140 0.025132
2 0.627976 0.585979 0.023810 0.024471
2 0.676587 0.586310 0.023810 0.023810
2 0.776951 0.588128 0.024140 0.024802
2 0.650959 0.629795 0.023479 0.023479
2 0.702712 0.631118 0.024471 0.024802
2 0.751819 0.631614 0.023479 0.024471
2 0.802249 0.632771 0.023148 0.024802
2 0.501819 0.627315 0.024140 0.023148
2 0.424934 0.670635 0.023810 0.023810
2 0.475033 0.671131 0.023479 0.024140
2 0.449735 0.715443 0.023810 0.024802
2 0.525132 0.672123 0.023148 0.024140
2 0.574570 0.672784 0.023479 0.024140
2 0.549438 0.716766 0.023479 0.025463
2 0.524140 0.760747 0.023810 0.025463
2 0.473380 0.759921 0.023479 0.023810
2 0.498016 0.806052 0.023148 0.023479
4 0.507937 0.197917 0.033069 0.035384
4 0.528439 0.326554 0.033069 0.034061
4 0.704861 0.370866 0.034061 0.035384
4 0.428902 0.409557 0.033730 0.033399
4 0.502480 0.453373 0.032738 0.034392
4 0.627480 0.499008 0.034061 0.033730
4 0.552579 0.541667 0.034392 0.034392
4 0.602513 0.542493 0.035053 0.034061
4 0.577877 0.585483 0.034722 0.034061
4 0.728505 0.587136 0.036376 0.034722
5 0.702712 0.285384 0.035053 0.035053
5 0.678241 0.328208 0.034392 0.035384
5 0.404597 0.366898 0.036045 0.035384
5 0.453042 0.540509 0.034392 0.034061
5 0.503968 0.540675 0.034392 0.035053
5 0.703373 0.457176 0.034392 0.035384
5 0.653274 0.542824 0.034722 0.035384
5 0.602183 0.629299 0.034392 0.033069
5 0.551587 0.628472 0.034392 0.034061
5 0.428406 0.583333 0.033399 0.034392
0 0.404762 0.282903 0.032407 0.033399
0 0.355655 0.366402 0.034722 0.033069
0 0.577216 0.327216 0.033399 0.033399
0 0.627811 0.411872 0.032738 0.032738
0 0.677910 0.413029 0.034392 0.033730
0 0.378803 0.408399 0.033399 0.035053
0 0.528108 0.411045 0.034392 0.035053
0 0.552414 0.453538 0.034061 0.034061
0 0.251653 0.536706 0.034392 0.035053
6 0.327877 0.582011 0.035384 0.034392
6 0.401455 0.626984 0.033730 0.033069
6 0.451720 0.627976 0.033069 0.035053
6 0.528439 0.584656 0.034392 0.034392
6 0.478505 0.496858 0.034392 0.033399
6 0.428406 0.495701 0.032738 0.033730
6 0.753803 0.544147 0.035384 0.033399
6 0.501323 0.716270 0.035053 0.035714
3 0.553902 0.284061 0.033069 0.033069
3 0.478505 0.326389 0.034392 0.034392
3 0.506118 0.368386 0.034061 0.034392
3 0.603836 0.368552 0.035053 0.034061
3 0.478009 0.410880 0.033399 0.033399
3 0.330026 0.323247 0.034392 0.034061
3 0.278935 0.408069 0.034061 0.033730
3 0.354001 0.450893 0.034722 0.034061
3 0.602513 0.456019 0.035053 0.033730
1 0.778439 0.328208 0.035714 0.034722
1 0.454530 0.367890 0.034061 0.033399
1 0.452546 0.452216 0.032738 0.032077
1 0.402943 0.451389 0.033399 0.033069
1 0.328704 0.408399 0.033730 0.033069
1 0.477513 0.583995 0.033730 0.031085
1 0.377646 0.582341 0.033069 0.034392
1 0.226025 0.580192 0.034061 0.032077
1 0.300595 0.625331 0.033730 0.034392
3 0.701720 0.543485 0.035053 0.034061
