2 0.518229 0.145172 0.017609 0.022487
2 0.499752 0.186177 0.017361 0.023810
2 0.535218 0.185351 0.017361 0.023479
2 0.483507 0.226687 0.017609 0.023479
2 0.553819 0.226521 0.016865 0.023148
2 0.517237 0.307374 0.017113 0.020833
2 0.571553 0.267361 0.016617 0.021495
0 0.519965 0.224206 0.024058 0.033069
0 0.465526 0.265377 0.023313 0.033399
0 0.536086 0.265212 0.024058 0.033069
0 0.481399 0.305060 0.023313 0.032077
0 0.463418 0.345734 0.023562 0.031415
0 0.499132 0.346065 0.024554 0.033399
0 0.517237 0.385913 0.024058 0.033730
0 0.553819 0.386243 0.026290 0.033069
0 0.553695 0.467427 0.024554 0.032738
2 0.303695 0.306878 0.017609 0.023810
2 0.339038 0.307209 0.017857 0.022487
2 0.446801 0.308862 0.017609 0.023810
2 0.393229 0.347057 0.017113 0.021495
2 0.321181 0.347553 0.017361 0.022487
2 0.340278 0.387897 0.016369 0.021825
2 0.357639 0.427579 0.017361 0.024471
2 0.393601 0.428571 0.016865 0.023148
2 0.534722 0.348049 0.016865 0.022817
2 0.570312 0.347388 0.017113 0.024140
2 0.587922 0.307540 0.017113 0.022487
2 0.605779 0.347057 0.016617 0.023479
2 0.465030 0.427910 0.018353 0.022487
2 0.447297 0.468585 0.017113 0.021825
2 0.519221 0.468750 0.016617 0.022156
2 0.607143 0.427910 0.016865 0.023148
2 0.694692 0.305721 0.018353 0.022817
2 0.677083 0.346892 0.017361 0.022487
2 0.660218 0.386905 0.017361 0.023148
2 0.696429 0.386739 0.017361 0.024140
2 0.730035 0.305721 0.018105 0.022817
2 0.358135 0.510251 0.016865 0.023148
2 0.376116 0.551918 0.017609 0.022487
2 0.358879 0.594081 0.017361 0.022817
2 0.322173 0.594081 0.017361 0.023479
2 0.339534 0.635582 0.017361 0.023810
2 0.303447 0.635582 0.018105 0.023810
2 0.429936 0.510086 0.017113 0.022817
2 0.412202 0.551753 0.016865 0.023479
2 0.430556 0.592923 0.017857 0.024471
2 0.447793 0.551753 0.017113 0.023479
2 0.466022 0.510086 0.016369 0.023479
2 0.536954 0.508929 0.017361 0.023148
2 0.572173 0.509259 0.017361 0.023810
2 0.679315 0.509094 0.016369 0.022817
2 0.661458 0.550430 0.016865 0.023479
2 0.716394 0.592262 0.017113 0.023148
2 0.699529 0.634259 0.017113 0.023810
2 0.735491 0.633929 0.017113 0.022487
2 0.644841 0.592262 0.017857 0.021825
2 0.590526 0.551257 0.016865 0.023148
2 0.555184 0.550926 0.016617 0.022487
2 0.573909 0.592262 0.016369 0.023148
2 0.519593 0.551753 0.017857 0.022156
2 0.448041 0.634425 0.017113 0.022817
2 0.501984 0.592758 0.017361 0.023479
2 0.484003 0.634755 0.017113 0.022817
2 0.519965 0.634425 0.018105 0.024140
2 0.555680 0.634425 0.018105 0.024140
2 0.537574 0.676918 0.016617 0.023148
2 0.572793 0.677083 0.016617 0.022156
2 0.555308 0.718750 0.017857 0.023479
2 0.519469 0.719742 0.016617 0.024140
2 0.500620 0.677083 0.016121 0.023479
2 0.483135 0.719246 0.016865 0.024471
2 0.518477 0.804894 0.018105 0.023810
1 0.374132 0.305886 0.024058 0.033069
1 0.375248 0.386905 0.024802 0.033730
1 0.411706 0.386078 0.024802 0.032077
1 0.428075 0.345569 0.023810 0.031746
1 0.410342 0.305886 0.024554 0.033730
1 0.500496 0.264716 0.023810 0.032077
1 0.483011 0.386905 0.023562 0.031746
1 0.500496 0.426257 0.024802 0.032407
1 0.428943 0.427414 0.024058 0.032077
6 0.356275 0.345238 0.024554 0.032407
6 0.447173 0.386409 0.025794 0.032738
6 0.375124 0.466766 0.023562 0.032738
6 0.411086 0.467427 0.024554 0.032077
6 0.393849 0.509259 0.025298 0.033069
6 0.339410 0.551587 0.024554 0.033069
6 0.393973 0.593089 0.023562 0.031415
6 0.375496 0.634921 0.025794 0.033730
6 0.411334 0.634590 0.025546 0.033069
6 0.483755 0.551918 0.024554 0.031746
5 0.482639 0.467262 0.024802 0.033069
5 0.501364 0.509755 0.024554 0.032077
5 0.466022 0.592923 0.024306 0.032407
5 0.464782 0.677579 0.024802 0.033730
5 0.538070 0.593089 0.025050 0.033399
5 0.609127 0.509094 0.024802 0.033399
5 0.610367 0.592427 0.024802 0.032738
5 0.591642 0.633929 0.025050 0.035053
5 0.537698 0.762235 0.025794 0.034392
5 0.500992 0.762731 0.025298 0.034722
3 0.552083 0.305886 0.024306 0.033069
3 0.571553 0.426753 0.025050 0.034061
3 0.589534 0.386243 0.024306 0.033730
3 0.625620 0.386243 0.026042 0.032407
3 0.642113 0.345238 0.025298 0.034392
3 0.659474 0.304398 0.025298 0.033399
3 0.713418 0.344742 0.025050 0.033399
3 0.679315 0.425926 0.024802 0.033069
3 0.642981 0.426753 0.025546 0.033399
3 0.627232 0.551422 0.024802 0.032738
4 0.535590 0.426257 0.024554 0.032407
4 0.589534 0.467923 0.024306 0.032407
4 0.625868 0.467758 0.025050 0.034061
4 0.661706 0.467427 0.025298 0.033399
4 0.644593 0.508102 0.024802 0.033399
4 0.698289 0.550265 0.026042 0.033730
4 0.681176 0.592427 0.024554 0.033399
4 0.664435 0.634425 0.024802 0.033399
4 0.627480 0.634094 0.024802 0.034722
