2 0.507110 0.213666 0.024140 0.016617
2 0.532242 0.246156 0.022817 0.016617
2 0.558697 0.277902 0.023479 0.017609
2 0.458664 0.278894 0.024471 0.016121
2 0.406911 0.344990 0.024140 0.017361
2 0.204200 0.345362 0.024140 0.016617
2 0.306052 0.344494 0.023479 0.017361
2 0.356481 0.344370 0.023810 0.018105
2 0.280919 0.377108 0.024140 0.017113
2 0.229828 0.376736 0.023810 0.017857
2 0.256944 0.408606 0.023810 0.018105
2 0.307540 0.408730 0.024471 0.017857
2 0.281746 0.440848 0.023810 0.018105
2 0.432374 0.375744 0.024802 0.018353
2 0.383598 0.440104 0.025132 0.017609
2 0.658399 0.342138 0.023810 0.018105
2 0.533069 0.374876 0.023810 0.017113
2 0.735615 0.373264 0.024802 0.017857
2 0.760417 0.340526 0.024802 0.018353
2 0.786541 0.372148 0.024802 0.018105
2 0.712467 0.405134 0.024802 0.018601
2 0.434028 0.440228 0.024140 0.018353
2 0.484292 0.439980 0.023479 0.017857
2 0.535053 0.439608 0.024471 0.018105
2 0.585648 0.438616 0.023810 0.017609
2 0.636574 0.438120 0.023810 0.018105
2 0.687004 0.438368 0.024140 0.018105
2 0.358962 0.472470 0.023479 0.017361
2 0.283399 0.506572 0.023148 0.017113
2 0.385417 0.505952 0.023479 0.016865
2 0.258102 0.540179 0.024802 0.018353
2 0.309028 0.539931 0.024140 0.018353
2 0.232639 0.573165 0.024140 0.018353
2 0.206184 0.607391 0.024140 0.018353
2 0.257110 0.606523 0.024802 0.016617
2 0.284888 0.572793 0.023479 0.017113
2 0.309193 0.606275 0.024471 0.018601
2 0.360284 0.606027 0.024140 0.018105
2 0.513889 0.741567 0.023148 0.017361
2 0.540675 0.706597 0.023810 0.018353
2 0.437500 0.571801 0.023810 0.017609
2 0.462632 0.605159 0.024471 0.017857
2 0.436177 0.638889 0.023148 0.017361
2 0.462136 0.672619 0.022817 0.017361
2 0.510747 0.472346 0.022817 0.016121
2 0.537533 0.504836 0.023479 0.016617
2 0.562831 0.537698 0.023810 0.017361
2 0.564649 0.604167 0.023479 0.018849
2 0.538690 0.638269 0.023810 0.017609
2 0.611607 0.471230 0.023479 0.016865
2 0.587467 0.504588 0.023479 0.018601
2 0.614087 0.537946 0.023148 0.017361
2 0.713624 0.470362 0.023148 0.018105
2 0.739749 0.502604 0.023148 0.019097
2 0.766865 0.535714 0.023810 0.017361
2 0.742890 0.569320 0.023479 0.017609
2 0.665179 0.536582 0.024140 0.016617
2 0.641369 0.570561 0.022817 0.017113
2 0.666171 0.603175 0.024140 0.017361
2 0.718585 0.603547 0.023148 0.018601
2 0.769180 0.603051 0.023810 0.018105
2 0.793981 0.569072 0.022487 0.017609
2 0.821594 0.602307 0.022156 0.018601
4 0.716601 0.535342 0.035053 0.026042
4 0.663194 0.470114 0.034061 0.026042
4 0.461310 0.537822 0.034392 0.026042
4 0.539683 0.570561 0.033730 0.025546
4 0.590939 0.570685 0.034392 0.026290
4 0.615906 0.603299 0.034722 0.026538
4 0.564815 0.672123 0.035053 0.025298
4 0.691799 0.569444 0.035053 0.025794
4 0.685351 0.371652 0.034722 0.025546
4 0.662533 0.404266 0.034722 0.026290
5 0.483631 0.309400 0.034061 0.025546
5 0.634590 0.372768 0.033730 0.025794
5 0.330522 0.374628 0.034722 0.026042
5 0.434524 0.504464 0.033730 0.025794
5 0.513558 0.537822 0.035053 0.025546
5 0.513558 0.604167 0.035053 0.025298
5 0.486276 0.638393 0.034722 0.025794
5 0.589782 0.638145 0.034061 0.025298
5 0.511243 0.673363 0.035053 0.025794
5 0.487599 0.707217 0.034722 0.026042
0 0.481647 0.243924 0.034061 0.026042
0 0.509590 0.275918 0.033069 0.026042
0 0.608300 0.340278 0.034061 0.025298
0 0.433697 0.309772 0.033399 0.025298
0 0.380952 0.374008 0.033069 0.025298
0 0.458829 0.406250 0.033399 0.025298
0 0.408399 0.471106 0.034392 0.025546
0 0.691303 0.502976 0.035384 0.025794
0 0.488261 0.571181 0.034061 0.025298
3 0.585152 0.308780 0.034061 0.025794
3 0.709491 0.339534 0.035384 0.025794
3 0.812335 0.338170 0.034722 0.026042
3 0.738757 0.436508 0.035053 0.025794
3 0.560351 0.405506 0.033399 0.025794
3 0.584160 0.373140 0.034061 0.025546
3 0.611772 0.404886 0.033730 0.026538
3 0.557209 0.340898 0.033730 0.026042
3 0.459491 0.470610 0.034061 0.026042
3 0.639385 0.503100 0.034722 0.025546
6 0.534226 0.309028 0.034722 0.025794
6 0.482474 0.374256 0.033069 0.024802
6 0.510913 0.406002 0.033730 0.025794
6 0.764881 0.402902 0.035053 0.025546
6 0.306217 0.471850 0.035053 0.025546
6 0.359458 0.538814 0.035053 0.026538
6 0.334160 0.571925 0.033399 0.025794
6 0.385582 0.571925 0.033730 0.025298
6 0.410714 0.605159 0.034392 0.026290
6 0.486276 0.504216 0.034722 0.026290
1 0.456680 0.341642 0.033069 0.024058
1 0.505622 0.340774 0.033730 0.025298
1 0.408234 0.406374 0.034061 0.025546
1 0.357970 0.406870 0.032738 0.025050
1 0.560847 0.470114 0.032407 0.025050
1 0.331515 0.438864 0.033399 0.024058
1 0.333168 0.505208 0.033399 0.024802
1 0.409888 0.538194 0.034722 0.025794
1 0.253638 0.343254 0.034392 0.026290
