0 0.534102 0.120040 0.025546 0.033730
0 0.551339 0.162533 0.025794 0.034061
0 0.534598 0.205026 0.025050 0.033730
0 0.477927 0.249339 0.024306 0.033730
0 0.552083 0.248512 0.024306 0.032077
1 0.515129 0.249339 0.024802 0.034392
0 0.568824 0.291171 0.024058 0.034061
0 0.457465 0.291667 0.024554 0.033069
0 0.495164 0.291336 0.025050 0.035714
0 0.570312 0.375661 0.024554 0.034392
2 0.513765 0.165840 0.018105 0.023479
2 0.496528 0.208333 0.018849 0.022487
2 0.570188 0.208333 0.017857 0.023810
2 0.589162 0.250827 0.018105 0.024140
2 0.531994 0.292824 0.017857 0.023479
2 0.605903 0.293155 0.018353 0.024140
1 0.307664 0.290509 0.025050 0.033399
1 0.327257 0.333499 0.025546 0.034722
1 0.364707 0.333003 0.024554 0.036376
1 0.383185 0.292163 0.024306 0.034722
1 0.420759 0.291501 0.025546 0.034722
1 0.439608 0.333499 0.025050 0.035384
1 0.440352 0.418485 0.025050 0.034722
1 0.477679 0.418320 0.025298 0.036376
2 0.346850 0.292659 0.017113 0.025132
2 0.348586 0.376984 0.018105 0.023810
2 0.385541 0.376984 0.018105 0.024471
2 0.403274 0.334987 0.019841 0.023148
2 0.476562 0.335813 0.018105 0.023479
2 0.513145 0.335152 0.017857 0.024140
2 0.497272 0.377315 0.017857 0.026455
2 0.423115 0.377315 0.019345 0.024471
2 0.403894 0.418485 0.020585 0.023479
2 0.366691 0.418816 0.019097 0.022817
2 0.587550 0.334491 0.018849 0.024802
2 0.533234 0.376984 0.017857 0.023810
2 0.514633 0.418816 0.017857 0.024140
2 0.551339 0.418320 0.018353 0.023810
2 0.588542 0.418485 0.019345 0.024140
2 0.607639 0.376157 0.018353 0.023479
2 0.716766 0.291171 0.016865 0.023479
2 0.698909 0.333333 0.017857 0.024471
2 0.644717 0.376653 0.019097 0.023810
2 0.626116 0.417989 0.019593 0.025132
2 0.718998 0.375165 0.018849 0.024802
2 0.681672 0.460483 0.018105 0.024140
2 0.701389 0.502811 0.017361 0.024802
2 0.682540 0.546958 0.017857 0.024471
2 0.719742 0.546792 0.018353 0.024140
2 0.590030 0.504299 0.019841 0.025132
2 0.533358 0.460979 0.018105 0.023148
2 0.552703 0.504299 0.019097 0.023810
2 0.571305 0.546958 0.017609 0.024471
2 0.608879 0.547619 0.017857 0.024471
2 0.422371 0.461640 0.017857 0.023148
2 0.459201 0.461640 0.017609 0.023148
2 0.496032 0.461475 0.018353 0.025463
2 0.478919 0.503638 0.018353 0.025132
2 0.441344 0.504299 0.017609 0.025132
2 0.366939 0.504464 0.018105 0.024140
2 0.348462 0.547950 0.017857 0.024471
2 0.405382 0.590608 0.018105 0.024471
2 0.423239 0.547784 0.018601 0.024802
2 0.459945 0.547950 0.018601 0.025132
2 0.441964 0.590608 0.017857 0.024471
2 0.422743 0.634094 0.018601 0.026124
2 0.460441 0.634094 0.017609 0.025463
2 0.533978 0.548611 0.017857 0.021164
2 0.516369 0.591270 0.018353 0.024471
2 0.534970 0.633763 0.018849 0.025463
2 0.515377 0.677745 0.017857 0.024140
2 0.497024 0.722222 0.018849 0.025132
2 0.553075 0.678571 0.017857 0.023810
2 0.534474 0.722718 0.018849 0.025463
2 0.553323 0.765708 0.018353 0.026786
2 0.664559 0.589947 0.018105 0.023810
2 0.628348 0.590278 0.017113 0.025794
2 0.591146 0.590443 0.017609 0.024802
2 0.572421 0.633267 0.017857 0.025794
2 0.609003 0.634590 0.017609 0.025794
2 0.721850 0.633267 0.018105 0.024471
3 0.550347 0.333829 0.026290 0.034722
3 0.624752 0.333333 0.026290 0.035053
3 0.661954 0.333003 0.026290 0.034392
3 0.664062 0.417659 0.026538 0.033730
3 0.701389 0.416832 0.027282 0.035384
3 0.737475 0.332011 0.026042 0.035053
3 0.755952 0.288856 0.026786 0.035384
3 0.643353 0.290509 0.026786 0.034061
3 0.680184 0.289848 0.026042 0.034061
3 0.646949 0.546296 0.025546 0.033730
4 0.570188 0.459821 0.026290 0.034722
4 0.682540 0.374339 0.025794 0.034392
4 0.607887 0.460979 0.026290 0.035053
4 0.645585 0.460483 0.026786 0.034722
4 0.664931 0.503142 0.026290 0.035384
4 0.703621 0.589451 0.026786 0.035384
4 0.741443 0.589616 0.026538 0.037037
4 0.647569 0.634590 0.026290 0.034392
4 0.685640 0.633267 0.027034 0.035053
4 0.761905 0.633433 0.027282 0.034722
5 0.627728 0.503472 0.026786 0.035384
5 0.515625 0.503803 0.026786 0.034722
5 0.554067 0.590278 0.025794 0.035053
5 0.479291 0.590608 0.025546 0.034392
5 0.497768 0.635582 0.024802 0.035053
5 0.477927 0.678571 0.027282 0.034392
5 0.515501 0.767030 0.027034 0.032738
5 0.532490 0.813657 0.026786 0.033399
5 0.572173 0.723380 0.026290 0.032077
5 0.590402 0.677910 0.027034 0.033069
6 0.459201 0.375827 0.025546 0.034061
6 0.497148 0.547288 0.026042 0.033069
6 0.329241 0.592262 0.025050 0.033730
6 0.309152 0.635747 0.028026 0.036045
6 0.346726 0.634921 0.027282 0.036376
6 0.384425 0.634425 0.027282 0.035384
6 0.384673 0.548611 0.025298 0.035714
6 0.366815 0.591435 0.027778 0.035384
6 0.384177 0.460152 0.026786 0.035384
6 0.404018 0.504795 0.026786 0.035384
