2 0.509259 0.122685 0.022487 0.023148
2 0.485119 0.164848 0.022487 0.022817
2 0.532903 0.163360 0.022817 0.023148
2 0.463128 0.205026 0.024140 0.023810
2 0.510747 0.204200 0.023479 0.019511
2 0.557705 0.203373 0.022817 0.021825
2 0.534392 0.245370 0.021825 0.022487
2 0.582176 0.244874 0.022156 0.021495
2 0.438988 0.247024 0.022817 0.021825
2 0.486772 0.246693 0.022487 0.022487
2 0.223710 0.290013 0.022156 0.022487
2 0.271329 0.289848 0.022817 0.022817
2 0.318783 0.289683 0.023810 0.023148
2 0.366237 0.288525 0.022156 0.023479
2 0.414187 0.288525 0.024140 0.022156
2 0.248016 0.330026 0.022487 0.021825
2 0.295304 0.329365 0.022487 0.022487
2 0.273313 0.370536 0.022817 0.022817
2 0.320933 0.370205 0.023479 0.020833
2 0.296958 0.409722 0.021825 0.023148
2 0.556382 0.285880 0.022156 0.021495
2 0.604332 0.284722 0.023479 0.023148
2 0.651951 0.283896 0.022156 0.022156
2 0.748016 0.281250 0.023148 0.023479
2 0.795966 0.281250 0.023148 0.023479
2 0.628638 0.325066 0.022487 0.023148
2 0.677083 0.323743 0.022156 0.023148
2 0.724537 0.323909 0.023810 0.023479
2 0.703042 0.363922 0.023148 0.022817
2 0.750827 0.363095 0.022817 0.023148
2 0.487930 0.408896 0.022817 0.020833
2 0.583003 0.407573 0.023148 0.021495
2 0.678737 0.406250 0.023479 0.023479
2 0.512731 0.449901 0.022156 0.023479
2 0.559689 0.448743 0.022156 0.023148
2 0.607804 0.448082 0.021825 0.024471
2 0.655589 0.447255 0.022156 0.024802
2 0.703373 0.446263 0.022487 0.022817
2 0.729001 0.487765 0.022156 0.022487
2 0.753472 0.528439 0.022156 0.022487
2 0.680886 0.487269 0.021825 0.022817
2 0.633433 0.488757 0.022817 0.022487
2 0.584821 0.489253 0.022817 0.022156
2 0.537533 0.489418 0.022156 0.023148
2 0.561839 0.531250 0.023148 0.023479
2 0.657738 0.531085 0.023810 0.023810
2 0.705192 0.529431 0.023479 0.023810
2 0.539517 0.573247 0.022817 0.023479
2 0.635251 0.572090 0.023148 0.023148
2 0.682374 0.571098 0.022817 0.023810
2 0.730655 0.570602 0.023479 0.023479
2 0.707507 0.612930 0.022817 0.024802
2 0.756283 0.613261 0.023810 0.023479
2 0.563327 0.614749 0.023479 0.022487
2 0.610615 0.614583 0.023479 0.023479
2 0.659226 0.613757 0.021495 0.023148
2 0.394676 0.492063 0.022817 0.022487
2 0.298942 0.493221 0.022487 0.023479
2 0.322917 0.535053 0.022817 0.023148
2 0.275463 0.535384 0.023148 0.023148
2 0.418320 0.533565 0.023810 0.022817
2 0.466601 0.533399 0.023810 0.023810
2 0.395999 0.575231 0.022817 0.024140
2 0.419808 0.616567 0.022817 0.022817
2 0.442791 0.658234 0.022487 0.023479
2 0.490079 0.658069 0.022487 0.024471
2 0.538525 0.657738 0.022817 0.023148
2 0.586806 0.657242 0.022817 0.023479
2 0.300595 0.576224 0.021825 0.022156
2 0.251984 0.577050 0.022487 0.023810
2 0.227679 0.619213 0.022817 0.022817
2 0.275132 0.618056 0.022487 0.022487
2 0.323413 0.617890 0.021825 0.022817
2 0.371362 0.616898 0.022487 0.023479
2 0.467262 0.700397 0.021825 0.021825
2 0.515212 0.700562 0.022487 0.023479
2 0.562500 0.700066 0.021825 0.022487
2 0.491567 0.742394 0.022817 0.023148
2 0.515873 0.787037 0.022487 0.023148
4 0.540344 0.743056 0.032407 0.033069
4 0.587798 0.573247 0.033399 0.034061
4 0.463294 0.367229 0.031746 0.032738
4 0.606978 0.364418 0.032738 0.032407
4 0.780258 0.570106 0.032738 0.031746
3 0.806548 0.612269 0.033730 0.030754
3 0.773644 0.320933 0.033399 0.033399
3 0.460648 0.285218 0.031746 0.032077
3 0.437169 0.326885 0.031085 0.031415
3 0.631118 0.405093 0.032738 0.032407
3 0.463624 0.448247 0.033730 0.031415
3 0.343915 0.408730 0.032407 0.031746
3 0.346726 0.575231 0.032738 0.032077
3 0.491071 0.573909 0.032407 0.031415
0 0.533234 0.324570 0.032077 0.032077
0 0.559193 0.365741 0.031085 0.031746
0 0.654927 0.363426 0.032738 0.033730
0 0.699735 0.280589 0.034392 0.034722
0 0.728175 0.402447 0.033730 0.033730
0 0.367890 0.367725 0.032077 0.032407
0 0.392361 0.408565 0.035384 0.031415
0 0.442130 0.574405 0.031746 0.031746
0 0.466931 0.616071 0.031746 0.033069
5 0.515212 0.616071 0.033069 0.031085
5 0.609788 0.530589 0.033069 0.032077
5 0.514881 0.532077 0.032407 0.032407
5 0.345899 0.491567 0.031746 0.031415
5 0.441799 0.489914 0.031746 0.032077
5 0.580357 0.323743 0.032407 0.032407
1 0.342593 0.328373 0.031085 0.033069
1 0.485780 0.325728 0.032407 0.030423
1 0.512401 0.366237 0.032738 0.032077
1 0.439649 0.407407 0.032077 0.031085
1 0.416336 0.448247 0.033069 0.033399
1 0.368717 0.448743 0.033069 0.031746
1 0.320933 0.448743 0.033399 0.032407
6 0.534226 0.406911 0.033399 0.031415
6 0.489253 0.490575 0.032738 0.032738
6 0.369709 0.533896 0.031746 0.032738
6 0.390046 0.327050 0.032738 0.033069
6 0.415013 0.367063 0.032407 0.032407
6 0.507440 0.285053 0.030754 0.033730
