2 0.469411 0.191303 0.022156 0.020172
2 0.515212 0.190311 0.020503 0.020833
2 0.447917 0.231151 0.022156 0.020503
2 0.493882 0.229993 0.021495 0.020172
2 0.471065 0.270172 0.020172 0.020503
2 0.426422 0.271660 0.021495 0.021495
2 0.562831 0.269511 0.021164 0.020503
2 0.400794 0.310020 0.021164 0.020172
2 0.492725 0.309524 0.021825 0.020503
2 0.538194 0.309028 0.021495 0.022156
2 0.630622 0.306713 0.021825 0.021495
2 0.676587 0.306382 0.020503 0.021495
2 0.723214 0.305060 0.021164 0.020172
2 0.747189 0.344081 0.021495 0.020172
2 0.654762 0.345899 0.022487 0.021825
2 0.561839 0.346396 0.021825 0.020833
2 0.495040 0.387566 0.022487 0.021825
2 0.541171 0.386409 0.022156 0.020833
2 0.679398 0.384259 0.021495 0.023148
2 0.656581 0.423942 0.022156 0.021164
2 0.702381 0.422950 0.021825 0.021825
2 0.541832 0.465443 0.021495 0.022156
2 0.565972 0.504134 0.020833 0.020833
2 0.634094 0.464120 0.021495 0.022156
2 0.680390 0.463294 0.022156 0.021825
2 0.636243 0.544478 0.021164 0.021495
2 0.705688 0.503307 0.021164 0.023148
2 0.729828 0.543155 0.020503 0.021495
2 0.707341 0.584491 0.022487 0.022156
2 0.754299 0.583333 0.022487 0.022487
2 0.685681 0.625331 0.023479 0.021825
2 0.614749 0.585813 0.021825 0.022156
2 0.568122 0.585648 0.021825 0.021164
2 0.637566 0.625165 0.022487 0.020833
2 0.497851 0.792824 0.022156 0.023479
2 0.474868 0.750827 0.021825 0.023479
2 0.427910 0.669312 0.021825 0.023148
2 0.451554 0.627480 0.021495 0.022156
2 0.498347 0.627315 0.022487 0.023810
2 0.473876 0.668651 0.022487 0.021825
2 0.450893 0.709491 0.022156 0.022156
2 0.497851 0.709821 0.021495 0.022817
2 0.520668 0.667328 0.022156 0.022487
2 0.544974 0.709656 0.021825 0.021825
2 0.522487 0.750000 0.021825 0.023810
2 0.544974 0.625827 0.021825 0.022156
2 0.218254 0.629795 0.021825 0.021495
2 0.264881 0.629960 0.021825 0.021825
2 0.312004 0.628968 0.022156 0.022487
2 0.289517 0.589286 0.021495 0.023148
2 0.265542 0.549438 0.021825 0.022817
2 0.311508 0.548776 0.021825 0.023479
2 0.358135 0.548280 0.022487 0.023810
2 0.382440 0.588128 0.022156 0.022156
2 0.380952 0.507110 0.023148 0.020833
2 0.356647 0.468089 0.022156 0.021495
2 0.310351 0.467923 0.022817 0.021825
2 0.310681 0.389054 0.021495 0.021495
2 0.356316 0.389054 0.022156 0.022156
2 0.402778 0.388724 0.021825 0.021495
2 0.308366 0.310847 0.022156 0.022487
2 0.285880 0.350198 0.022156 0.022487
2 0.239418 0.351190 0.023148 0.023148
3 0.539352 0.227017 0.031085 0.032077
3 0.425430 0.426422 0.030093 0.032738
3 0.517857 0.424769 0.030423 0.032077
3 0.563823 0.424107 0.032407 0.030754
3 0.497024 0.545304 0.031746 0.032407
3 0.428241 0.587632 0.031746 0.031085
3 0.240575 0.589286 0.032738 0.031746
3 0.286541 0.506779 0.032077 0.031415
3 0.334160 0.587632 0.032077 0.030423
3 0.356978 0.628307 0.032077 0.030423
0 0.567295 0.666832 0.032077 0.031415
0 0.780093 0.624008 0.033069 0.031746
0 0.612930 0.502976 0.032738 0.032407
0 0.587302 0.383433 0.032407 0.031415
0 0.469411 0.346561 0.030754 0.030423
0 0.448082 0.385913 0.030423 0.031746
0 0.378968 0.426091 0.031746 0.032738
0 0.401951 0.464782 0.032077 0.030754
0 0.332011 0.426587 0.031085 0.031085
4 0.213955 0.309193 0.031085 0.030423
4 0.261078 0.309358 0.030754 0.030754
4 0.353836 0.308036 0.029762 0.030754
4 0.446429 0.307540 0.031085 0.032407
4 0.608135 0.344577 0.031085 0.032407
4 0.376984 0.347884 0.030423 0.032407
4 0.590443 0.544974 0.031415 0.032407
4 0.521991 0.585979 0.031415 0.031746
4 0.732970 0.624339 0.032738 0.033069
6 0.404101 0.628142 0.031085 0.031415
6 0.333664 0.506944 0.029762 0.031085
6 0.449074 0.465278 0.032407 0.033069
6 0.519345 0.504299 0.032738 0.031085
6 0.588294 0.464782 0.031746 0.032077
6 0.701885 0.342923 0.032077 0.032407
6 0.771825 0.301587 0.031746 0.032407
6 0.584656 0.305225 0.031085 0.031746
6 0.331184 0.348049 0.031415 0.031415
6 0.262731 0.387731 0.032077 0.031415
5 0.423115 0.347388 0.030754 0.032077
5 0.517030 0.268022 0.030754 0.032077
5 0.610615 0.422950 0.030754 0.032407
5 0.495370 0.464286 0.031746 0.031085
5 0.285549 0.426753 0.031415 0.032077
5 0.473214 0.505126 0.031746 0.030754
5 0.403274 0.546627 0.031415 0.031085
5 0.450231 0.545635 0.031415 0.031085
5 0.591601 0.626157 0.031746 0.032738
5 0.682870 0.542824 0.031746 0.032077
1 0.471230 0.424107 0.031746 0.030093
1 0.633598 0.382771 0.031085 0.031415
1 0.515377 0.345569 0.030754 0.030423
1 0.426587 0.505291 0.031746 0.031085
1 0.661210 0.584325 0.032738 0.031746
1 0.659392 0.502976 0.032407 0.031085
1 0.543320 0.544808 0.031085 0.031415
1 0.474372 0.586310 0.031415 0.032407
1 0.493221 0.147487 0.030754 0.031085
