2 0.519141 0.304861 0.007031 0.009722
2 0.510938 0.322222 0.007812 0.011111
2 0.526953 0.322917 0.008594 0.012500
2 0.535547 0.340278 0.007031 0.011111
2 0.510938 0.359028 0.007812 0.009722
2 0.527344 0.359722 0.007812 0.011111
2 0.417969 0.375000 0.007812 0.011111
2 0.434766 0.374306 0.007031 0.009722
2 0.451562 0.376389 0.007812 0.011111
2 0.484375 0.376389 0.007812 0.011111
2 0.552344 0.377778 0.007812 0.011111
2 0.568750 0.379167 0.007812 0.011111
2 0.585547 0.378472 0.008594 0.012500
2 0.602344 0.377778 0.007812 0.011111
2 0.619531 0.379861 0.007812 0.012500
2 0.425391 0.395139 0.007031 0.012500
2 0.433203 0.412500 0.008594 0.011111
2 0.457813 0.434028 0.007812 0.009722
2 0.475391 0.435417 0.008594 0.009722
2 0.484766 0.414583 0.008594 0.012500
2 0.527344 0.395833 0.007812 0.011111
2 0.544141 0.397222 0.008594 0.013889
2 0.553516 0.415972 0.008594 0.012500
2 0.570703 0.417361 0.008594 0.012500
2 0.587109 0.418056 0.008594 0.013889
2 0.605078 0.418056 0.008594 0.013889
2 0.526953 0.436111 0.008594 0.011111
5 0.503125 0.334722 0.010937 0.019444
5 0.562500 0.432639 0.010937 0.020833
5 0.536719 0.452778 0.010937 0.022222
5 0.510547 0.473611 0.011719 0.019444
5 0.456641 0.470833 0.011719 0.022222
5 0.454688 0.517361 0.010937 0.023611
5 0.463281 0.539583 0.010937 0.023611
5 0.491797 0.518056 0.011719 0.022222
5 0.510156 0.518750 0.010937 0.023611
5 0.519531 0.541667 0.010937 0.022222
2 0.448437 0.454861 0.007812 0.012500
2 0.466016 0.454861 0.008594 0.012500
2 0.429297 0.496528 0.008594 0.012500
2 0.418750 0.519444 0.009375 0.011111
2 0.407813 0.542361 0.009375 0.012500
2 0.483203 0.498611 0.008594 0.011111
2 0.473438 0.521528 0.009375 0.012500
2 0.519141 0.499306 0.008594 0.012500
2 0.554297 0.458333 0.007031 0.011111
2 0.579688 0.436806 0.007812 0.012500
2 0.597266 0.438194 0.008594 0.012500
2 0.571484 0.456944 0.008594 0.011111
2 0.589063 0.457639 0.007812 0.012500
2 0.564063 0.478472 0.007812 0.012500
2 0.546484 0.523611 0.008594 0.013889
2 0.564453 0.524306 0.008594 0.012500
2 0.591016 0.502083 0.007031 0.012500
2 0.608984 0.502778 0.008594 0.013889
2 0.601562 0.525000 0.007812 0.016667
2 0.620313 0.525000 0.009375 0.013889
2 0.630469 0.548611 0.009375 0.013889
2 0.482031 0.545139 0.009375 0.012500
2 0.490234 0.568750 0.008594 0.015278
2 0.500000 0.545833 0.007812 0.013889
2 0.537500 0.546528 0.009375 0.012500
2 0.555859 0.546528 0.010156 0.015278
2 0.574219 0.548611 0.009375 0.013889
2 0.593359 0.548611 0.008594 0.013889
2 0.508984 0.570139 0.010156 0.012500
2 0.518359 0.595139 0.010156 0.015278
2 0.527734 0.570139 0.010156 0.015278
2 0.546875 0.570139 0.009375 0.015278
2 0.508594 0.619444 0.009375 0.016667
2 0.517578 0.645139 0.010156 0.015278
0 0.528516 0.615278 0.011719 0.022222
0 0.442188 0.388889 0.010937 0.019444
0 0.436719 0.514583 0.010937 0.020833
0 0.426172 0.539583 0.011719 0.023611
0 0.493359 0.390972 0.011719 0.020833
0 0.501563 0.410417 0.010937 0.020833
0 0.483594 0.449306 0.010937 0.020833
0 0.535547 0.372222 0.010156 0.019444
0 0.561719 0.393056 0.010937 0.022222
0 0.536328 0.411806 0.011719 0.020833
1 0.467969 0.372222 0.009375 0.019444
1 0.467187 0.409722 0.010937 0.019444
1 0.501563 0.372917 0.009375 0.020833
1 0.510156 0.392361 0.010937 0.020833
1 0.544531 0.355556 0.009375 0.022222
1 0.544922 0.431944 0.011719 0.022222
1 0.464453 0.493750 0.010156 0.020833
1 0.501172 0.495139 0.010156 0.020833
1 0.444922 0.539583 0.011719 0.023611
1 0.612500 0.545139 0.012500 0.023611
3 0.517969 0.372917 0.010937 0.020833
3 0.476172 0.391667 0.011719 0.022222
3 0.450000 0.409722 0.010937 0.022222
3 0.595313 0.393750 0.010937 0.020833
4 0.578516 0.393056 0.010156 0.019444
4 0.494531 0.353472 0.010937 0.020833
4 0.438672 0.470833 0.010156 0.022222
4 0.474609 0.471528 0.011719 0.023611
4 0.501172 0.450694 0.011719 0.020833
4 0.510156 0.429861 0.010937 0.020833
4 0.459375 0.390278 0.010937 0.022222
4 0.546094 0.474306 0.010937 0.023611
4 0.537109 0.495833 0.011719 0.022222
4 0.600391 0.475000 0.011719 0.022222
6 0.582422 0.475000 0.011719 0.025000
6 0.583594 0.518750 0.012500 0.020833
6 0.613281 0.393056 0.010937 0.022222
6 0.520312 0.335417 0.010937 0.018056
6 0.440234 0.427778 0.011719 0.022222
6 0.492969 0.429861 0.010937 0.023611
6 0.519531 0.411111 0.010937 0.022222
6 0.528516 0.473611 0.011719 0.022222
6 0.492188 0.472222 0.010937 0.022222
3 0.446484 0.493750 0.011719 0.023611
3 0.519141 0.451389 0.010156 0.022222
3 0.555078 0.496528 0.011719 0.023611
3 0.573828 0.497222 0.011719 0.022222
3 0.528516 0.518056 0.011719 0.025000
3 0.499219 0.590278 0.012500 0.025000
