2 0.515625 0.316667 0.007812 0.011111
0 0.507031 0.327778 0.009375 0.019444
0 0.516016 0.346528 0.010156 0.020833
0 0.507031 0.365972 0.010937 0.020833
0 0.480469 0.384028 0.010937 0.020833
0 0.540625 0.365972 0.009375 0.020833
0 0.541016 0.404167 0.010156 0.019444
0 0.532813 0.422917 0.010937 0.020833
0 0.582812 0.384028 0.009375 0.020833
0 0.569141 0.465972 0.010156 0.020833
0 0.437500 0.402083 0.010937 0.020833
2 0.499219 0.351389 0.007812 0.011111
2 0.523438 0.333333 0.007812 0.011111
2 0.532031 0.351389 0.007812 0.011111
2 0.523828 0.370139 0.008594 0.012500
2 0.490234 0.370833 0.008594 0.011111
2 0.498047 0.389583 0.008594 0.012500
2 0.514453 0.389583 0.008594 0.012500
2 0.531641 0.390278 0.008594 0.011111
2 0.548438 0.389583 0.009375 0.012500
2 0.413281 0.387500 0.007812 0.011111
2 0.446875 0.388194 0.007812 0.012500
2 0.464062 0.388889 0.007812 0.011111
1 0.430469 0.383333 0.010937 0.019444
1 0.421094 0.402778 0.010937 0.022222
1 0.455078 0.402778 0.011719 0.022222
1 0.446094 0.423611 0.010937 0.022222
1 0.453906 0.442361 0.010937 0.020833
1 0.444531 0.462500 0.010937 0.022222
1 0.462109 0.463194 0.011719 0.023611
1 0.480469 0.463889 0.010937 0.022222
3 0.437109 0.442361 0.010156 0.020833
3 0.516016 0.424306 0.010156 0.020833
3 0.566016 0.384722 0.010156 0.022222
3 0.585156 0.424306 0.010937 0.023611
3 0.592187 0.404861 0.010937 0.023611
3 0.594922 0.443750 0.011719 0.020833
2 0.429297 0.427083 0.008594 0.012500
2 0.472266 0.407639 0.008594 0.012500
2 0.489453 0.408333 0.008594 0.011111
2 0.506250 0.409028 0.009375 0.012500
2 0.599219 0.389583 0.009375 0.012500
2 0.616406 0.390278 0.009375 0.013889
2 0.575000 0.409028 0.009375 0.015278
2 0.550000 0.428472 0.009375 0.012500
2 0.567578 0.429167 0.008594 0.013889
2 0.608594 0.409722 0.010937 0.013889
2 0.601953 0.429861 0.007031 0.012500
2 0.463281 0.427083 0.009375 0.012500
2 0.480859 0.428472 0.008594 0.012500
2 0.471484 0.447917 0.008594 0.012500
2 0.498047 0.427778 0.008594 0.011111
4 0.523828 0.404167 0.010156 0.022222
4 0.558203 0.403472 0.011719 0.023611
4 0.587109 0.464583 0.011719 0.023611
4 0.579297 0.487500 0.011719 0.022222
4 0.571484 0.511111 0.011719 0.022222
4 0.580859 0.532639 0.011719 0.023611
4 0.572656 0.556944 0.012500 0.025000
4 0.589453 0.510417 0.011719 0.023611
4 0.618359 0.534028 0.013281 0.023611
4 0.534766 0.556250 0.011719 0.023611
2 0.506250 0.449306 0.007812 0.012500
2 0.524609 0.448611 0.008594 0.011111
2 0.497266 0.468750 0.008594 0.012500
2 0.515625 0.469444 0.009375 0.011111
2 0.532813 0.470139 0.009375 0.012500
2 0.560937 0.492361 0.009375 0.012500
2 0.596094 0.493056 0.009375 0.013889
2 0.606250 0.514583 0.009375 0.015278
2 0.599219 0.537500 0.007812 0.013889
2 0.591016 0.561111 0.010156 0.016667
2 0.628516 0.561806 0.010156 0.015278
2 0.453125 0.489583 0.009375 0.009722
2 0.471094 0.489583 0.009375 0.012500
2 0.488672 0.490278 0.008594 0.013889
2 0.507031 0.490972 0.009375 0.015278
2 0.524609 0.490972 0.010156 0.015278
2 0.562500 0.538194 0.009375 0.015278
2 0.553516 0.561111 0.008594 0.013889
2 0.544531 0.584722 0.009375 0.013889
2 0.496484 0.609722 0.008594 0.013889
2 0.515234 0.663194 0.008594 0.015278
2 0.544141 0.536806 0.008594 0.012500
2 0.516406 0.513889 0.009375 0.013889
2 0.525391 0.536806 0.010156 0.015278
2 0.425391 0.511806 0.008594 0.012500
2 0.404297 0.557639 0.010156 0.012500
2 0.441406 0.559028 0.009375 0.015278
2 0.451172 0.535417 0.008594 0.015278
2 0.459766 0.559028 0.010156 0.015278
2 0.478125 0.559028 0.009375 0.012500
2 0.496875 0.559028 0.009375 0.012500
2 0.480078 0.513194 0.008594 0.012500
6 0.489063 0.442361 0.010937 0.023611
6 0.435156 0.484722 0.012500 0.022222
6 0.442969 0.506944 0.012500 0.025000
6 0.414844 0.530556 0.012500 0.025000
6 0.461328 0.507639 0.011719 0.023611
6 0.469922 0.530556 0.013281 0.025000
6 0.498047 0.509028 0.011719 0.023611
6 0.552734 0.510417 0.011719 0.023611
6 0.535156 0.604861 0.012500 0.023611
5 0.541797 0.443750 0.011719 0.020833
5 0.543359 0.486806 0.011719 0.020833
5 0.534375 0.509722 0.010937 0.022222
5 0.506641 0.580556 0.011719 0.022222
5 0.488672 0.531944 0.011719 0.022222
5 0.516797 0.555556 0.011719 0.022222
5 0.525781 0.580556 0.012500 0.022222
5 0.487500 0.579861 0.012500 0.023611
5 0.506250 0.631944 0.012500 0.025000
5 0.526172 0.632639 0.013281 0.026389
2 0.576562 0.447917 0.007812 0.009722
3 0.559375 0.443750 0.010937 0.020833
3 0.551562 0.465278 0.010937 0.022222
3 0.422266 0.554861 0.011719 0.023611
3 0.516797 0.604861 0.013281 0.023611
1 0.507031 0.531250 0.012500 0.023611
1 0.432812 0.530556 0.012500 0.022222
