2 0.574609 0.295833 0.007031 0.011111
2 0.565234 0.311111 0.007031 0.011111
2 0.581250 0.315278 0.007812 0.011111
2 0.556250 0.328472 0.007812 0.009722
2 0.571875 0.329861 0.007812 0.009722
2 0.588672 0.333333 0.008594 0.011111
2 0.546484 0.345139 0.008594 0.009722
2 0.563281 0.347222 0.007812 0.011111
2 0.578906 0.350000 0.007812 0.011111
2 0.596484 0.353472 0.008594 0.012500
2 0.471875 0.347917 0.007812 0.009722
2 0.486328 0.351389 0.008594 0.011111
2 0.502734 0.354167 0.007031 0.011111
2 0.519531 0.357639 0.007812 0.009722
2 0.476562 0.367361 0.007812 0.009722
2 0.492969 0.370833 0.007812 0.011111
2 0.482812 0.387500 0.007812 0.011111
2 0.489063 0.407639 0.007812 0.012500
2 0.499609 0.390972 0.008594 0.012500
2 0.509375 0.374306 0.007812 0.009722
2 0.535937 0.360417 0.007812 0.012500
2 0.526172 0.377083 0.008594 0.012500
2 0.516406 0.394444 0.007812 0.011111
2 0.506250 0.411111 0.007812 0.011111
2 0.495703 0.427778 0.008594 0.011111
2 0.552734 0.363889 0.007031 0.011111
2 0.542578 0.379861 0.008594 0.012500
2 0.533594 0.395833 0.007812 0.011111
2 0.522656 0.413889 0.007812 0.011111
2 0.512109 0.431944 0.007031 0.011111
2 0.502344 0.451389 0.009375 0.011111
2 0.485547 0.447222 0.008594 0.011111
2 0.473438 0.466667 0.007812 0.011111
2 0.491016 0.470833 0.008594 0.013889
2 0.462891 0.486111 0.008594 0.011111
2 0.480078 0.490972 0.008594 0.015278
2 0.450781 0.506944 0.007812 0.013889
2 0.468359 0.511111 0.008594 0.013889
2 0.485938 0.514583 0.009375 0.012500
2 0.497656 0.493750 0.007812 0.012500
2 0.504297 0.518056 0.008594 0.013889
2 0.530078 0.436111 0.008594 0.011111
2 0.519922 0.455556 0.008594 0.013889
2 0.508594 0.474306 0.007812 0.012500
2 0.516016 0.498611 0.008594 0.013889
2 0.522656 0.521528 0.009375 0.015278
2 0.529297 0.547222 0.010156 0.016667
2 0.540625 0.526389 0.009375 0.013889
2 0.533594 0.502083 0.007812 0.015278
2 0.526563 0.478472 0.007812 0.012500
2 0.539844 0.418056 0.007812 0.013889
2 0.550000 0.401389 0.009375 0.011111
2 0.559375 0.384722 0.007812 0.013889
2 0.569531 0.367361 0.007812 0.012500
2 0.575781 0.386806 0.007812 0.012500
2 0.585547 0.369444 0.007031 0.011111
2 0.602734 0.372222 0.008594 0.011111
2 0.593359 0.388889 0.008594 0.013889
2 0.583984 0.408333 0.008594 0.013889
2 0.566797 0.404861 0.008594 0.012500
2 0.574219 0.425000 0.007812 0.013889
2 0.556641 0.420833 0.008594 0.013889
2 0.546875 0.439583 0.009375 0.012500
2 0.536328 0.458333 0.008594 0.013889
2 0.544141 0.481944 0.008594 0.013889
2 0.546875 0.551389 0.009375 0.013889
2 0.536719 0.572917 0.009375 0.015278
2 0.555469 0.577778 0.009375 0.016667
2 0.566016 0.554861 0.010156 0.015278
2 0.543750 0.599306 0.009375 0.012500
2 0.583984 0.559028 0.010156 0.015278
2 0.574219 0.581250 0.009375 0.015278
2 0.563281 0.603472 0.009375 0.018056
2 0.551172 0.626389 0.010156 0.013889
2 0.619531 0.374306 0.007812 0.012500
2 0.635938 0.378472 0.009375 0.015278
2 0.653516 0.381944 0.008594 0.013889
2 0.670703 0.384722 0.008594 0.013889
2 0.627734 0.395833 0.008594 0.013889
2 0.644531 0.398611 0.009375 0.013889
2 0.662109 0.402083 0.010156 0.015278
2 0.653906 0.419444 0.009375 0.013889
2 0.635938 0.416667 0.009375 0.016667
2 0.643750 0.437500 0.009375 0.013889
2 0.610938 0.393056 0.009375 0.013889
2 0.601172 0.411111 0.008594 0.013889
2 0.591797 0.429167 0.008594 0.013889
2 0.581641 0.446528 0.008594 0.012500
2 0.564453 0.443056 0.008594 0.011111
2 0.554297 0.462500 0.008594 0.013889
2 0.561719 0.485417 0.009375 0.012500
2 0.551953 0.504861 0.008594 0.012500
2 0.558984 0.529861 0.008594 0.015278
2 0.569531 0.509028 0.009375 0.015278
2 0.571875 0.464583 0.007812 0.009722
2 0.579688 0.489583 0.009375 0.015278
2 0.587891 0.514583 0.010156 0.018056
2 0.577344 0.533333 0.009375 0.016667
2 0.589453 0.468056 0.008594 0.013889
2 0.599219 0.450694 0.009375 0.015278
2 0.609375 0.431250 0.007812 0.012500
2 0.619141 0.413889 0.008594 0.013889
2 0.626953 0.435417 0.008594 0.012500
2 0.617188 0.453472 0.009375 0.015278
2 0.607812 0.472917 0.009375 0.015278
2 0.597266 0.493750 0.008594 0.015278
2 0.605859 0.517361 0.008594 0.018056
2 0.595703 0.538889 0.010156 0.013889
2 0.634375 0.455556 0.009375 0.013889
2 0.626172 0.477083 0.008594 0.015278
2 0.616406 0.497222 0.009375 0.013889
2 0.643750 0.480556 0.009375 0.013889
2 0.633984 0.500000 0.007031 0.013889
2 0.624219 0.520833 0.009375 0.016667
2 0.614453 0.543056 0.008594 0.016667
2 0.651953 0.503472 0.010156 0.015278
2 0.642578 0.525000 0.008594 0.016667
2 0.632812 0.546528 0.009375 0.015278
2 0.661328 0.528472 0.008594 0.015278
2 0.651563 0.550000 0.009375 0.016667
2 0.671094 0.553472 0.009375 0.015278
