5 0.444000 0.167000 0.040000 0.042000
5 0.594000 0.219000 0.036000 0.042000
5 0.386000 0.273000 0.036000 0.042000
5 0.326000 0.274000 0.040000 0.044000
5 0.779000 0.324000 0.038000 0.044000
5 0.841000 0.325000 0.042000 0.046000
5 0.442000 0.377000 0.036000 0.042000
5 0.533000 0.539000 0.038000 0.042000
5 0.590000 0.647000 0.044000 0.046000
5 0.532000 0.756000 0.044000 0.044000
6 0.476000 0.110000 0.044000 0.044000
6 0.539000 0.110000 0.038000 0.044000
6 0.751000 0.271000 0.042000 0.046000
6 0.232000 0.326000 0.036000 0.040000
6 0.261000 0.380000 0.042000 0.044000
6 0.597000 0.431000 0.042000 0.050000
6 0.565000 0.485000 0.042000 0.042000
6 0.165000 0.651000 0.042000 0.046000
6 0.255000 0.704000 0.042000 0.044000
6 0.441000 0.702000 0.038000 0.040000
4 0.201000 0.272000 0.046000 0.044000
4 0.265000 0.274000 0.046000 0.048000
4 0.324000 0.380000 0.044000 0.044000
4 0.383000 0.380000 0.042000 0.048000
4 0.720000 0.324000 0.044000 0.048000
4 0.778000 0.536000 0.044000 0.048000
4 0.624000 0.591000 0.044000 0.046000
4 0.288000 0.537000 0.044000 0.042000
4 0.134000 0.703000 0.044000 0.050000
0 0.444000 0.274000 0.044000 0.048000
0 0.564000 0.271000 0.044000 0.046000
0 0.626000 0.273000 0.044000 0.046000
0 0.229000 0.433000 0.042000 0.042000
0 0.442000 0.486000 0.040000 0.048000
0 0.654000 0.539000 0.044000 0.046000
0 0.257000 0.595000 0.042000 0.050000
0 0.287000 0.647000 0.038000 0.042000
0 0.499000 0.592000 0.042000 0.048000
0 0.560000 0.812000 0.044000 0.044000
1 0.143000 0.274000 0.042000 0.044000
1 0.170000 0.327000 0.040000 0.042000
1 0.354000 0.325000 0.040000 0.042000
1 0.292000 0.431000 0.036000 0.042000
1 0.473000 0.433000 0.042000 0.046000
1 0.260000 0.485000 0.040000 0.042000
1 0.470000 0.647000 0.040000 0.046000
1 0.499000 0.700000 0.038000 0.044000
1 0.651000 0.645000 0.038000 0.042000
1 0.442000 0.811000 0.040000 0.046000
3 0.352000 0.434000 0.044000 0.048000
3 0.322000 0.487000 0.040000 0.042000
3 0.347000 0.539000 0.042000 0.046000
3 0.442000 0.594000 0.040000 0.040000
3 0.684000 0.594000 0.044000 0.044000
3 0.715000 0.539000 0.046000 0.046000
3 0.623000 0.486000 0.046000 0.044000
3 0.814000 0.597000 0.056000 0.042000
