0 0.501000 0.048000 0.042000 0.048000
0 0.471000 0.104000 0.042000 0.048000
0 0.532000 0.103000 0.044000 0.046000
0 0.439000 0.159000 0.046000 0.046000
0 0.501000 0.160000 0.042000 0.044000
0 0.562000 0.157000 0.044000 0.042000
0 0.406000 0.216000 0.044000 0.044000
0 0.470000 0.215000 0.040000 0.046000
0 0.531000 0.214000 0.046000 0.044000
0 0.593000 0.215000 0.046000 0.046000
2 0.380000 0.277000 0.032000 0.030000
2 0.443000 0.278000 0.030000 0.032000
2 0.502000 0.278000 0.032000 0.032000
2 0.564000 0.277000 0.028000 0.030000
2 0.625000 0.274000 0.030000 0.032000
2 0.657000 0.328000 0.030000 0.032000
2 0.685000 0.383000 0.030000 0.034000
2 0.717000 0.436000 0.034000 0.036000
2 0.746000 0.487000 0.028000 0.030000
2 0.713000 0.542000 0.030000 0.032000
2 0.684000 0.491000 0.028000 0.038000
2 0.654000 0.436000 0.032000 0.028000
2 0.623000 0.382000 0.030000 0.032000
2 0.594000 0.328000 0.032000 0.028000
2 0.534000 0.331000 0.032000 0.030000
2 0.562000 0.382000 0.032000 0.032000
2 0.593000 0.436000 0.026000 0.028000
2 0.623000 0.490000 0.026000 0.032000
2 0.654000 0.542000 0.028000 0.032000
2 0.472000 0.331000 0.032000 0.030000
2 0.501000 0.382000 0.026000 0.032000
2 0.469000 0.435000 0.026000 0.026000
2 0.531000 0.436000 0.030000 0.028000
2 0.563000 0.494000 0.026000 0.036000
2 0.590000 0.545000 0.032000 0.030000
2 0.624000 0.598000 0.028000 0.028000
2 0.683000 0.598000 0.030000 0.032000
2 0.652000 0.653000 0.028000 0.030000
2 0.622000 0.706000 0.032000 0.032000
2 0.411000 0.332000 0.030000 0.032000
2 0.439000 0.386000 0.034000 0.032000
2 0.502000 0.492000 0.028000 0.032000
2 0.531000 0.546000 0.030000 0.032000
2 0.560000 0.600000 0.032000 0.032000
2 0.590000 0.651000 0.036000 0.034000
2 0.350000 0.334000 0.032000 0.032000
2 0.377000 0.383000 0.034000 0.034000
2 0.411000 0.440000 0.030000 0.036000
2 0.440000 0.492000 0.032000 0.028000
2 0.467000 0.546000 0.030000 0.032000
2 0.499000 0.598000 0.034000 0.028000
2 0.530000 0.654000 0.024000 0.028000
2 0.559000 0.708000 0.026000 0.028000
2 0.317000 0.387000 0.030000 0.030000
2 0.290000 0.441000 0.032000 0.030000
2 0.347000 0.440000 0.030000 0.028000
2 0.377000 0.494000 0.030000 0.028000
2 0.408000 0.545000 0.028000 0.034000
2 0.439000 0.600000 0.026000 0.032000
2 0.468000 0.653000 0.028000 0.030000
2 0.499000 0.708000 0.026000 0.032000
2 0.318000 0.494000 0.028000 0.032000
2 0.347000 0.547000 0.030000 0.034000
2 0.376000 0.599000 0.028000 0.030000
2 0.407000 0.654000 0.030000 0.032000
2 0.439000 0.710000 0.030000 0.032000
2 0.258000 0.493000 0.032000 0.030000
2 0.285000 0.546000 0.030000 0.032000
2 0.316000 0.601000 0.028000 0.030000
2 0.345000 0.656000 0.030000 0.032000
2 0.376000 0.706000 0.028000 0.032000
1 0.132000 0.270000 0.044000 0.040000
1 0.194000 0.271000 0.044000 0.042000
1 0.258000 0.271000 0.040000 0.042000
1 0.319000 0.271000 0.042000 0.042000
1 0.163000 0.326000 0.042000 0.040000
1 0.228000 0.326000 0.040000 0.044000
1 0.288000 0.326000 0.044000 0.044000
1 0.192000 0.377000 0.040000 0.042000
1 0.255000 0.377000 0.038000 0.046000
1 0.226000 0.434000 0.044000 0.044000
3 0.688000 0.267000 0.040000 0.042000
3 0.751000 0.267000 0.046000 0.042000
3 0.813000 0.267000 0.042000 0.046000
3 0.876000 0.267000 0.044000 0.050000
3 0.719000 0.322000 0.042000 0.044000
3 0.781000 0.320000 0.042000 0.044000
3 0.846000 0.319000 0.048000 0.046000
3 0.747000 0.375000 0.042000 0.046000
3 0.812000 0.372000 0.048000 0.044000
3 0.781000 0.428000 0.046000 0.044000
4 0.780000 0.535000 0.040000 0.046000
4 0.747000 0.593000 0.038000 0.046000
4 0.809000 0.590000 0.042000 0.048000
4 0.716000 0.644000 0.040000 0.044000
4 0.777000 0.645000 0.042000 0.046000
4 0.838000 0.644000 0.040000 0.044000
4 0.684000 0.701000 0.044000 0.042000
4 0.745000 0.701000 0.046000 0.046000
4 0.807000 0.700000 0.042000 0.044000
4 0.871000 0.701000 0.046000 0.046000
5 0.410000 0.758000 0.044000 0.040000
5 0.439000 0.813000 0.046000 0.042000
5 0.471000 0.757000 0.042000 0.038000
5 0.532000 0.758000 0.044000 0.044000
5 0.593000 0.757000 0.046000 0.046000
5 0.502000 0.812000 0.040000 0.044000
5 0.560000 0.810000 0.044000 0.044000
5 0.470000 0.864000 0.044000 0.040000
5 0.530000 0.865000 0.040000 0.046000
5 0.505000 0.920000 0.046000 0.044000
6 0.226000 0.540000 0.040000 0.044000
6 0.196000 0.595000 0.040000 0.042000
6 0.256000 0.593000 0.036000 0.038000
6 0.162000 0.650000 0.036000 0.040000
6 0.225000 0.647000 0.038000 0.046000
6 0.285000 0.646000 0.038000 0.040000
6 0.136000 0.704000 0.040000 0.040000
6 0.192000 0.704000 0.040000 0.040000
6 0.256000 0.704000 0.040000 0.040000
6 0.318000 0.704000 0.040000 0.040000
