0 0.503000 0.162000 0.038000 0.040000
0 0.562000 0.162000 0.044000 0.052000
0 0.411000 0.218000 0.042000 0.048000
0 0.471000 0.217000 0.042000 0.042000
0 0.445000 0.270000 0.042000 0.044000
0 0.502000 0.269000 0.040000 0.042000
0 0.566000 0.269000 0.040000 0.046000
0 0.412000 0.325000 0.040000 0.042000
0 0.534000 0.320000 0.040000 0.040000
0 0.595000 0.323000 0.042000 0.042000
4 0.292000 0.327000 0.044000 0.042000
4 0.807000 0.373000 0.042000 0.042000
4 0.654000 0.537000 0.040000 0.042000
4 0.714000 0.535000 0.036000 0.038000
4 0.805000 0.589000 0.042000 0.046000
4 0.651000 0.647000 0.042000 0.042000
4 0.775000 0.644000 0.042000 0.044000
4 0.746000 0.701000 0.040000 0.046000
4 0.805000 0.701000 0.038000 0.046000
4 0.866000 0.698000 0.040000 0.048000
1 0.689000 0.270000 0.038000 0.040000
1 0.201000 0.273000 0.042000 0.042000
1 0.261000 0.271000 0.038000 0.042000
1 0.259000 0.379000 0.038000 0.042000
1 0.319000 0.379000 0.042000 0.038000
1 0.379000 0.376000 0.042000 0.040000
1 0.411000 0.431000 0.042000 0.046000
1 0.321000 0.484000 0.046000 0.044000
1 0.289000 0.431000 0.042000 0.042000
1 0.229000 0.434000 0.042000 0.048000
3 0.683000 0.593000 0.042000 0.042000
3 0.564000 0.378000 0.040000 0.044000
3 0.622000 0.376000 0.036000 0.040000
3 0.658000 0.323000 0.040000 0.042000
3 0.719000 0.320000 0.038000 0.040000
3 0.779000 0.321000 0.042000 0.042000
3 0.840000 0.321000 0.040000 0.042000
3 0.748000 0.374000 0.044000 0.044000
3 0.778000 0.426000 0.036000 0.044000
3 0.657000 0.429000 0.042000 0.042000
6 0.259000 0.487000 0.034000 0.038000
6 0.347000 0.539000 0.038000 0.042000
6 0.408000 0.537000 0.040000 0.042000
6 0.315000 0.593000 0.038000 0.042000
6 0.286000 0.648000 0.032000 0.044000
6 0.226000 0.647000 0.036000 0.034000
6 0.255000 0.702000 0.038000 0.040000
6 0.194000 0.703000 0.040000 0.038000
6 0.439000 0.702000 0.038000 0.044000
6 0.503000 0.812000 0.038000 0.036000
5 0.527000 0.866000 0.046000 0.044000
5 0.590000 0.757000 0.040000 0.042000
5 0.562000 0.702000 0.040000 0.044000
5 0.561000 0.591000 0.042000 0.042000
5 0.468000 0.646000 0.044000 0.044000
5 0.379000 0.595000 0.046000 0.050000
5 0.408000 0.756000 0.044000 0.044000
5 0.440000 0.813000 0.044000 0.046000
5 0.197000 0.594000 0.046000 0.048000
5 0.133000 0.704000 0.046000 0.048000
2 0.502000 0.066000 0.032000 0.028000
2 0.473000 0.119000 0.026000 0.026000
2 0.533000 0.117000 0.026000 0.026000
2 0.442000 0.172000 0.028000 0.028000
2 0.532000 0.226000 0.024000 0.028000
2 0.591000 0.227000 0.026000 0.026000
2 0.141000 0.280000 0.030000 0.028000
2 0.322000 0.282000 0.032000 0.024000
2 0.382000 0.279000 0.032000 0.026000
2 0.624000 0.280000 0.028000 0.028000
2 0.744000 0.276000 0.028000 0.028000
2 0.805000 0.277000 0.026000 0.030000
2 0.865000 0.275000 0.030000 0.030000
2 0.472000 0.332000 0.028000 0.028000
2 0.170000 0.334000 0.028000 0.028000
2 0.229000 0.334000 0.030000 0.028000
2 0.352000 0.332000 0.028000 0.028000
2 0.198000 0.387000 0.032000 0.026000
2 0.438000 0.385000 0.028000 0.026000
2 0.500000 0.384000 0.028000 0.024000
2 0.683000 0.382000 0.026000 0.028000
2 0.350000 0.439000 0.032000 0.030000
2 0.470000 0.437000 0.032000 0.030000
2 0.531000 0.437000 0.026000 0.030000
2 0.592000 0.435000 0.032000 0.034000
2 0.712000 0.436000 0.032000 0.032000
2 0.380000 0.491000 0.028000 0.030000
2 0.440000 0.492000 0.032000 0.032000
2 0.500000 0.491000 0.032000 0.030000
2 0.559000 0.489000 0.030000 0.030000
2 0.620000 0.489000 0.032000 0.034000
2 0.682000 0.490000 0.032000 0.028000
2 0.742000 0.490000 0.028000 0.028000
2 0.225000 0.543000 0.026000 0.026000
2 0.287000 0.544000 0.034000 0.028000
2 0.257000 0.598000 0.030000 0.028000
2 0.164000 0.650000 0.028000 0.032000
2 0.465000 0.543000 0.026000 0.030000
2 0.438000 0.598000 0.028000 0.028000
2 0.345000 0.653000 0.026000 0.026000
2 0.314000 0.707000 0.028000 0.034000
2 0.375000 0.707000 0.030000 0.026000
2 0.406000 0.653000 0.032000 0.030000
2 0.530000 0.543000 0.032000 0.030000
2 0.588000 0.542000 0.028000 0.032000
2 0.771000 0.543000 0.030000 0.030000
2 0.498000 0.600000 0.036000 0.032000
2 0.619000 0.597000 0.030000 0.030000
2 0.741000 0.600000 0.034000 0.032000
2 0.830000 0.649000 0.024000 0.030000
2 0.529000 0.654000 0.030000 0.032000
2 0.589000 0.653000 0.030000 0.030000
2 0.711000 0.652000 0.030000 0.032000
2 0.496000 0.706000 0.028000 0.032000
2 0.618000 0.707000 0.028000 0.030000
2 0.678000 0.706000 0.032000 0.032000
2 0.468000 0.760000 0.028000 0.028000
2 0.529000 0.762000 0.030000 0.032000
2 0.559000 0.813000 0.034000 0.038000
2 0.465000 0.871000 0.030000 0.030000
2 0.498000 0.924000 0.032000 0.032000
