5 0.509000 0.062000 0.038000 0.052000
5 0.480000 0.115000 0.048000 0.042000
5 0.416000 0.223000 0.040000 0.046000
5 0.390000 0.277000 0.036000 0.042000
5 0.570000 0.379000 0.044000 0.046000
5 0.566000 0.593000 0.040000 0.042000
5 0.325000 0.595000 0.042000 0.042000
5 0.139000 0.703000 0.042000 0.046000
5 0.475000 0.648000 0.042000 0.044000
5 0.595000 0.757000 0.038000 0.046000
0 0.511000 0.273000 0.042000 0.050000
0 0.570000 0.273000 0.040000 0.046000
0 0.601000 0.326000 0.038000 0.044000
0 0.716000 0.540000 0.040000 0.040000
0 0.506000 0.488000 0.040000 0.048000
0 0.443000 0.594000 0.038000 0.044000
0 0.594000 0.648000 0.040000 0.040000
0 0.564000 0.701000 0.044000 0.046000
0 0.415000 0.759000 0.046000 0.046000
0 0.419000 0.325000 0.042000 0.042000
4 0.148000 0.276000 0.044000 0.048000
4 0.299000 0.326000 0.042000 0.048000
4 0.205000 0.380000 0.038000 0.044000
4 0.269000 0.382000 0.042000 0.048000
4 0.358000 0.435000 0.044000 0.050000
4 0.569000 0.488000 0.042000 0.052000
4 0.474000 0.541000 0.048000 0.046000
4 0.807000 0.595000 0.046000 0.046000
4 0.657000 0.649000 0.046000 0.046000
4 0.747000 0.703000 0.042000 0.050000
1 0.386000 0.381000 0.040000 0.042000
1 0.417000 0.434000 0.042000 0.048000
1 0.326000 0.489000 0.044000 0.046000
1 0.691000 0.275000 0.042000 0.046000
1 0.658000 0.539000 0.040000 0.046000
1 0.506000 0.595000 0.040000 0.046000
1 0.626000 0.595000 0.040000 0.046000
1 0.507000 0.701000 0.042000 0.042000
1 0.626000 0.702000 0.040000 0.044000
1 0.687000 0.704000 0.038000 0.048000
6 0.813000 0.273000 0.050000 0.050000
6 0.844000 0.325000 0.040000 0.046000
6 0.750000 0.381000 0.044000 0.046000
6 0.446000 0.378000 0.044000 0.044000
6 0.263000 0.486000 0.046000 0.048000
6 0.354000 0.538000 0.040000 0.040000
6 0.535000 0.538000 0.050000 0.052000
6 0.292000 0.650000 0.040000 0.044000
6 0.442000 0.704000 0.040000 0.048000
6 0.508000 0.812000 0.048000 0.048000
3 0.665000 0.326000 0.038000 0.044000
3 0.718000 0.325000 0.048000 0.050000
3 0.784000 0.432000 0.044000 0.048000
3 0.262000 0.592000 0.044000 0.052000
3 0.168000 0.649000 0.044000 0.042000
3 0.351000 0.650000 0.038000 0.044000
3 0.413000 0.649000 0.038000 0.046000
3 0.534000 0.650000 0.044000 0.044000
3 0.687000 0.592000 0.042000 0.044000
2 0.539000 0.124000 0.026000 0.032000
2 0.447000 0.174000 0.030000 0.036000
2 0.510000 0.174000 0.032000 0.032000
2 0.567000 0.176000 0.034000 0.032000
2 0.477000 0.230000 0.030000 0.032000
2 0.537000 0.228000 0.026000 0.028000
2 0.595000 0.229000 0.034000 0.034000
2 0.207000 0.283000 0.030000 0.030000
2 0.268000 0.285000 0.032000 0.030000
2 0.328000 0.282000 0.028000 0.032000
2 0.449000 0.281000 0.030000 0.034000
2 0.630000 0.282000 0.032000 0.032000
2 0.747000 0.278000 0.030000 0.036000
2 0.868000 0.281000 0.028000 0.034000
2 0.176000 0.335000 0.028000 0.034000
2 0.237000 0.333000 0.026000 0.030000
2 0.359000 0.332000 0.030000 0.036000
2 0.480000 0.334000 0.028000 0.028000
2 0.539000 0.335000 0.030000 0.030000
2 0.777000 0.332000 0.034000 0.032000
2 0.325000 0.386000 0.030000 0.032000
2 0.506000 0.387000 0.032000 0.034000
2 0.624000 0.387000 0.028000 0.030000
2 0.688000 0.387000 0.032000 0.034000
2 0.808000 0.386000 0.028000 0.032000
2 0.234000 0.436000 0.028000 0.028000
2 0.295000 0.439000 0.030000 0.026000
2 0.474000 0.438000 0.024000 0.028000
2 0.537000 0.439000 0.030000 0.030000
2 0.655000 0.439000 0.026000 0.030000
2 0.714000 0.437000 0.028000 0.034000
2 0.386000 0.494000 0.028000 0.032000
2 0.444000 0.492000 0.032000 0.028000
2 0.626000 0.490000 0.028000 0.032000
2 0.686000 0.490000 0.024000 0.024000
2 0.745000 0.491000 0.026000 0.030000
2 0.230000 0.547000 0.032000 0.030000
2 0.294000 0.547000 0.028000 0.030000
2 0.414000 0.546000 0.028000 0.028000
2 0.597000 0.546000 0.034000 0.028000
2 0.776000 0.544000 0.028000 0.032000
2 0.202000 0.599000 0.028000 0.030000
2 0.382000 0.600000 0.028000 0.032000
2 0.747000 0.598000 0.030000 0.024000
2 0.712000 0.652000 0.028000 0.032000
2 0.770000 0.649000 0.032000 0.030000
2 0.833000 0.652000 0.030000 0.036000
2 0.232000 0.654000 0.028000 0.032000
2 0.199000 0.709000 0.026000 0.030000
2 0.260000 0.707000 0.032000 0.030000
2 0.321000 0.707000 0.030000 0.034000
2 0.381000 0.707000 0.026000 0.030000
2 0.472000 0.761000 0.028000 0.034000
2 0.533000 0.760000 0.030000 0.032000
2 0.805000 0.709000 0.030000 0.038000
2 0.864000 0.704000 0.028000 0.036000
2 0.445000 0.816000 0.030000 0.032000
2 0.563000 0.816000 0.030000 0.032000
2 0.471000 0.869000 0.030000 0.034000
2 0.532000 0.870000 0.032000 0.032000
2 0.503000 0.927000 0.026000 0.034000
