0 0.478000 0.114000 0.040000 0.048000
0 0.537000 0.116000 0.042000 0.040000
0 0.507000 0.171000 0.038000 0.046000
0 0.566000 0.168000 0.044000 0.052000
0 0.474000 0.225000 0.044000 0.046000
0 0.447000 0.277000 0.042000 0.046000
0 0.417000 0.330000 0.038000 0.044000
0 0.509000 0.275000 0.046000 0.050000
0 0.568000 0.276000 0.044000 0.048000
0 0.599000 0.329000 0.042000 0.046000
1 0.203000 0.277000 0.038000 0.042000
1 0.263000 0.280000 0.046000 0.044000
1 0.234000 0.331000 0.036000 0.042000
1 0.199000 0.384000 0.042000 0.040000
1 0.260000 0.384000 0.040000 0.040000
1 0.231000 0.437000 0.042000 0.042000
1 0.320000 0.384000 0.040000 0.040000
1 0.383000 0.382000 0.042000 0.044000
1 0.412000 0.437000 0.040000 0.046000
1 0.688000 0.275000 0.036000 0.042000
3 0.566000 0.383000 0.040000 0.042000
3 0.626000 0.383000 0.044000 0.046000
3 0.753000 0.276000 0.042000 0.044000
3 0.810000 0.275000 0.040000 0.046000
3 0.721000 0.325000 0.038000 0.042000
3 0.782000 0.328000 0.040000 0.044000
3 0.843000 0.327000 0.046000 0.046000
3 0.747000 0.383000 0.042000 0.046000
3 0.656000 0.436000 0.044000 0.044000
3 0.780000 0.435000 0.048000 0.046000
4 0.810000 0.381000 0.044000 0.046000
4 0.655000 0.543000 0.046000 0.046000
4 0.715000 0.542000 0.038000 0.044000
4 0.808000 0.594000 0.044000 0.044000
4 0.654000 0.650000 0.044000 0.044000
4 0.774000 0.646000 0.044000 0.040000
4 0.684000 0.703000 0.044000 0.046000
4 0.743000 0.704000 0.038000 0.044000
4 0.804000 0.704000 0.044000 0.044000
4 0.866000 0.702000 0.044000 0.044000
5 0.378000 0.599000 0.040000 0.042000
5 0.561000 0.598000 0.038000 0.044000
5 0.470000 0.652000 0.044000 0.044000
5 0.562000 0.704000 0.044000 0.044000
5 0.410000 0.758000 0.040000 0.044000
5 0.441000 0.815000 0.042000 0.038000
5 0.594000 0.760000 0.044000 0.044000
5 0.560000 0.814000 0.040000 0.040000
5 0.530000 0.867000 0.040000 0.042000
5 0.502000 0.925000 0.044000 0.042000
6 0.504000 0.814000 0.036000 0.040000
6 0.262000 0.492000 0.036000 0.040000
6 0.351000 0.540000 0.038000 0.036000
6 0.228000 0.544000 0.040000 0.040000
6 0.319000 0.600000 0.034000 0.044000
6 0.166000 0.653000 0.040000 0.042000
6 0.229000 0.652000 0.042000 0.040000
6 0.135000 0.709000 0.038000 0.038000
6 0.256000 0.706000 0.040000 0.044000
6 0.318000 0.706000 0.040000 0.040000
2 0.507000 0.069000 0.026000 0.030000
2 0.448000 0.176000 0.032000 0.032000
2 0.416000 0.231000 0.032000 0.026000
2 0.537000 0.230000 0.030000 0.032000
2 0.594000 0.230000 0.028000 0.036000
2 0.143000 0.286000 0.030000 0.032000
2 0.326000 0.283000 0.028000 0.034000
2 0.386000 0.285000 0.028000 0.030000
2 0.629000 0.285000 0.030000 0.030000
2 0.873000 0.281000 0.034000 0.030000
2 0.173000 0.338000 0.030000 0.032000
2 0.294000 0.338000 0.028000 0.028000
2 0.356000 0.338000 0.032000 0.032000
2 0.475000 0.337000 0.026000 0.030000
2 0.537000 0.337000 0.026000 0.030000
2 0.659000 0.336000 0.030000 0.028000
2 0.443000 0.391000 0.034000 0.030000
2 0.503000 0.388000 0.030000 0.032000
2 0.687000 0.389000 0.030000 0.030000
2 0.293000 0.443000 0.030000 0.034000
2 0.352000 0.444000 0.032000 0.028000
2 0.474000 0.442000 0.032000 0.028000
2 0.536000 0.443000 0.032000 0.030000
2 0.595000 0.442000 0.034000 0.032000
2 0.715000 0.442000 0.034000 0.028000
2 0.321000 0.497000 0.030000 0.030000
2 0.383000 0.498000 0.030000 0.028000
2 0.445000 0.497000 0.030000 0.030000
2 0.503000 0.498000 0.034000 0.032000
2 0.563000 0.496000 0.030000 0.032000
2 0.621000 0.496000 0.030000 0.028000
2 0.684000 0.497000 0.032000 0.030000
2 0.746000 0.494000 0.032000 0.028000
2 0.291000 0.549000 0.030000 0.030000
2 0.411000 0.549000 0.030000 0.030000
2 0.470000 0.549000 0.032000 0.030000
2 0.532000 0.549000 0.032000 0.030000
2 0.593000 0.548000 0.030000 0.024000
2 0.773000 0.547000 0.026000 0.030000
2 0.198000 0.605000 0.032000 0.030000
2 0.260000 0.604000 0.032000 0.028000
2 0.441000 0.605000 0.030000 0.026000
2 0.500000 0.604000 0.032000 0.028000
2 0.621000 0.603000 0.034000 0.030000
2 0.682000 0.602000 0.028000 0.028000
2 0.746000 0.602000 0.028000 0.028000
2 0.289000 0.657000 0.030000 0.034000
2 0.347000 0.657000 0.034000 0.030000
2 0.408000 0.660000 0.028000 0.028000
2 0.529000 0.656000 0.030000 0.028000
2 0.589000 0.656000 0.030000 0.028000
2 0.712000 0.656000 0.028000 0.028000
2 0.831000 0.652000 0.030000 0.028000
2 0.619000 0.708000 0.030000 0.032000
2 0.502000 0.710000 0.028000 0.028000
2 0.440000 0.709000 0.028000 0.030000
2 0.380000 0.712000 0.028000 0.028000
2 0.471000 0.766000 0.030000 0.032000
2 0.531000 0.764000 0.030000 0.028000
2 0.197000 0.714000 0.034000 0.032000
2 0.470000 0.874000 0.028000 0.032000
