0 0.463046 0.247851 0.026290 0.034061
1 0.402902 0.293320 0.026538 0.037037
1 0.363219 0.293485 0.026042 0.035384
2 0.482515 0.204365 0.018105 0.023148
2 0.326637 0.384590 0.018353 0.023810
3 0.638145 0.289352 0.026786 0.035053
4 0.702505 0.513393 0.027034 0.035384
5 0.585689 0.699570 0.027530 0.034722
6 0.407366 0.657077 0.027034 0.036376
6 0.387525 0.610780 0.027034 0.036376
6 0.366691 0.565807 0.027034 0.036376
6 0.346106 0.519180 0.027034 0.036376
6 0.326265 0.565476 0.027034 0.036376
6 0.307416 0.612434 0.027034 0.036376
6 0.347594 0.611111 0.027034 0.036376
6 0.286582 0.658069 0.027034 0.036376
6 0.326513 0.658069 0.027034 0.036376
6 0.367684 0.656415 0.027034 0.036376
1 0.383433 0.337467 0.026786 0.036045
1 0.364831 0.383102 0.026786 0.036045
1 0.343006 0.338128 0.026786 0.036045
1 0.303075 0.338128 0.026786 0.036045
1 0.282986 0.293816 0.026786 0.036045
1 0.322917 0.293155 0.026786 0.036045
1 0.344990 0.427745 0.026786 0.036045
0 0.502108 0.246693 0.027530 0.036376
0 0.522445 0.200728 0.026042 0.035053
0 0.541543 0.246362 0.026042 0.035053
0 0.580729 0.246362 0.026042 0.035053
0 0.560392 0.200728 0.026042 0.035053
0 0.539683 0.155754 0.026290 0.036376
0 0.500496 0.156085 0.026290 0.036376
0 0.521577 0.109788 0.026290 0.036376
3 0.677083 0.289021 0.026786 0.035053
3 0.658482 0.333333 0.026786 0.035053
3 0.679812 0.377646 0.026786 0.035053
3 0.700149 0.422288 0.026786 0.035053
3 0.719122 0.377315 0.027530 0.035714
3 0.698041 0.333003 0.027530 0.035714
3 0.716642 0.288029 0.027530 0.035714
3 0.756076 0.287368 0.027530 0.035714
3 0.736483 0.332341 0.027530 0.035714
4 0.682168 0.558697 0.027034 0.035384
4 0.664062 0.604332 0.027034 0.035384
4 0.644965 0.651290 0.027034 0.035384
4 0.685392 0.651290 0.027034 0.035384
4 0.703993 0.605324 0.027034 0.035384
4 0.722098 0.558036 0.027034 0.035384
4 0.743924 0.604001 0.027034 0.035384
4 0.724578 0.650298 0.027034 0.035384
4 0.765253 0.649967 0.027034 0.035384
5 0.546255 0.699901 0.027530 0.034722
5 0.505828 0.701224 0.027530 0.034722
5 0.465898 0.701554 0.027530 0.034722
5 0.486731 0.749173 0.027530 0.034722
5 0.524678 0.748181 0.027530 0.034722
5 0.506572 0.794808 0.027530 0.034722
5 0.547247 0.795470 0.027530 0.034722
5 0.566096 0.747189 0.027530 0.034722
5 0.525422 0.844081 0.027530 0.034722
2 0.385417 0.428571 0.018353 0.023810
2 0.366071 0.473545 0.018353 0.023810
2 0.387153 0.518188 0.018353 0.023810
2 0.405506 0.472884 0.018353 0.023810
2 0.404762 0.383598 0.018353 0.023810
2 0.423115 0.338955 0.018353 0.023810
2 0.442212 0.294312 0.018353 0.023810
2 0.481647 0.293981 0.018353 0.023810
2 0.462550 0.338624 0.018353 0.023810
2 0.444196 0.382937 0.018353 0.023810
2 0.424603 0.427579 0.018353 0.023810
2 0.444692 0.472553 0.018353 0.023810
2 0.425843 0.517857 0.018353 0.023810
2 0.406994 0.564484 0.018353 0.023810
2 0.519841 0.293981 0.018353 0.023810
2 0.500744 0.337963 0.018353 0.023810
2 0.483135 0.381944 0.018353 0.023810
2 0.463790 0.426918 0.018353 0.023810
2 0.559028 0.292328 0.018353 0.023810
2 0.598214 0.291667 0.018353 0.023810
2 0.597718 0.291005 0.018353 0.023810
2 0.540179 0.337302 0.018353 0.023810
2 0.578621 0.335648 0.018353 0.023810
2 0.617808 0.335648 0.018353 0.023810
2 0.522321 0.380952 0.018353 0.023810
2 0.561508 0.380622 0.018353 0.023810
2 0.600198 0.380291 0.018353 0.023810
2 0.639137 0.379630 0.018353 0.023810
2 0.502480 0.425595 0.018353 0.023810
2 0.483631 0.471230 0.018353 0.023810
2 0.466022 0.517196 0.018353 0.023810
2 0.446181 0.563492 0.018353 0.023810
2 0.427579 0.608796 0.018353 0.023810
2 0.446925 0.654762 0.018353 0.023810
2 0.467262 0.609127 0.018353 0.023810
2 0.485863 0.562831 0.018353 0.023810
2 0.504464 0.517196 0.018353 0.023810
2 0.542163 0.424934 0.018353 0.023810
2 0.523065 0.470899 0.018353 0.023810
2 0.581349 0.424934 0.018353 0.023810
2 0.561756 0.470569 0.018353 0.023810
2 0.544147 0.515873 0.018353 0.023810
2 0.524802 0.562169 0.018353 0.023810
2 0.506448 0.608466 0.018353 0.023810
2 0.486607 0.654431 0.018353 0.023810
2 0.526042 0.653439 0.018353 0.023810
2 0.545635 0.607143 0.018353 0.023810
2 0.563740 0.562169 0.018353 0.023810
2 0.582837 0.515212 0.018353 0.023810
2 0.601190 0.470569 0.018353 0.023810
2 0.620288 0.424272 0.018353 0.023810
2 0.659226 0.422619 0.018353 0.023810
2 0.640625 0.468585 0.018353 0.023810
2 0.679812 0.468254 0.018353 0.023810
2 0.661458 0.514220 0.018353 0.023810
2 0.622024 0.514550 0.018353 0.023810
2 0.602927 0.560847 0.018353 0.023810
2 0.584821 0.605820 0.018353 0.023810
2 0.642361 0.559854 0.018353 0.023810
2 0.624008 0.606151 0.018353 0.023810
2 0.604415 0.652116 0.018353 0.023810
2 0.565724 0.652778 0.018353 0.023810
