2 0.472222 0.122189 0.022487 0.021495
2 0.448413 0.163525 0.022487 0.021495
2 0.494709 0.162864 0.022487 0.021495
2 0.426257 0.204200 0.022487 0.021495
2 0.473214 0.203869 0.022487 0.021495
2 0.519841 0.202877 0.022487 0.021495
2 0.403108 0.245205 0.022487 0.021495
2 0.450066 0.244874 0.022487 0.021495
2 0.497354 0.243552 0.022487 0.021495
2 0.544312 0.242890 0.022487 0.021495
2 0.188161 0.288194 0.022487 0.021495
2 0.235780 0.287864 0.022487 0.021495
2 0.212302 0.327877 0.022487 0.021495
2 0.259259 0.327216 0.022487 0.021495
2 0.282077 0.286872 0.022487 0.021495
2 0.330357 0.286872 0.022487 0.021495
2 0.308862 0.325562 0.022487 0.021495
2 0.286376 0.367560 0.022487 0.021495
2 0.238095 0.368221 0.022487 0.021495
2 0.285384 0.448909 0.022487 0.021495
2 0.261243 0.408234 0.022487 0.021495
2 0.309524 0.406911 0.022487 0.021495
2 0.333333 0.366237 0.022487 0.021495
2 0.354497 0.325893 0.022487 0.021495
2 0.377646 0.286541 0.022487 0.021495
2 0.425265 0.284888 0.022487 0.021495
2 0.401786 0.325231 0.022487 0.021495
2 0.380622 0.365245 0.022487 0.021495
2 0.357143 0.406581 0.022487 0.021495
2 0.333333 0.446594 0.022487 0.021495
2 0.310516 0.487599 0.022487 0.021495
2 0.335317 0.529927 0.022487 0.021495
2 0.358466 0.488591 0.022487 0.021495
2 0.380952 0.446594 0.022487 0.021495
2 0.403770 0.405589 0.022487 0.021495
2 0.427579 0.365245 0.022487 0.021495
2 0.448743 0.325893 0.022487 0.021495
2 0.472222 0.285218 0.022487 0.021495
2 0.519511 0.283896 0.022487 0.021495
2 0.566799 0.281911 0.022487 0.021495
2 0.613426 0.280919 0.022487 0.021495
2 0.660714 0.279927 0.022487 0.021495
2 0.709325 0.278604 0.022487 0.021495
2 0.756283 0.277612 0.022487 0.021495
2 0.685516 0.319940 0.022487 0.021495
2 0.638889 0.320933 0.022487 0.021495
2 0.733466 0.318948 0.022487 0.021495
2 0.664683 0.360615 0.022487 0.021495
2 0.711971 0.359623 0.022487 0.021495
2 0.689484 0.399636 0.022487 0.021495
2 0.496362 0.323247 0.022487 0.021495
2 0.543981 0.322255 0.022487 0.021495
2 0.591931 0.322255 0.022487 0.021495
2 0.570767 0.361938 0.022487 0.021495
2 0.617063 0.360615 0.022487 0.021495
2 0.522817 0.362930 0.022487 0.021495
2 0.475198 0.364253 0.022487 0.021495
2 0.450728 0.404597 0.022487 0.021495
2 0.498677 0.403274 0.022487 0.021495
2 0.545966 0.402943 0.022487 0.021495
2 0.593585 0.401951 0.022487 0.021495
2 0.640542 0.400298 0.022487 0.021495
2 0.427910 0.444940 0.022487 0.021495
2 0.476190 0.444279 0.022487 0.021495
2 0.523148 0.443618 0.022487 0.021495
2 0.570437 0.442626 0.022487 0.021495
2 0.618056 0.441964 0.022487 0.021495
2 0.665675 0.440972 0.022487 0.021495
2 0.643849 0.483300 0.022487 0.021495
2 0.596230 0.483962 0.022487 0.021495
2 0.549272 0.483631 0.022487 0.021495
2 0.500992 0.485284 0.022487 0.021495
2 0.454034 0.485615 0.022487 0.021495
2 0.405754 0.486607 0.022487 0.021495
2 0.691799 0.482308 0.022487 0.021495
2 0.667659 0.523313 0.022487 0.021495
2 0.716270 0.522983 0.022487 0.021495
2 0.621362 0.524636 0.022487 0.021495
2 0.573743 0.525298 0.022487 0.021495
2 0.525794 0.525628 0.022487 0.021495
2 0.478505 0.526951 0.022487 0.021495
2 0.430886 0.527612 0.022487 0.021495
2 0.382937 0.528604 0.022487 0.021495
2 0.262897 0.488261 0.022487 0.021495
2 0.287368 0.530919 0.022487 0.021495
2 0.312169 0.570271 0.022487 0.021495
2 0.335648 0.612269 0.022487 0.021495
2 0.288029 0.613922 0.022487 0.021495
2 0.264550 0.571925 0.022487 0.021495
2 0.239087 0.613591 0.022487 0.021495
2 0.238757 0.531911 0.022487 0.021495
2 0.214947 0.573909 0.022487 0.021495
2 0.191799 0.615575 0.022487 0.021495
2 0.359788 0.570271 0.022487 0.021495
2 0.408069 0.569940 0.022487 0.021495
2 0.383267 0.611607 0.022487 0.021495
2 0.430886 0.610615 0.022487 0.021495
2 0.455357 0.569444 0.021164 0.022487
2 0.479497 0.608962 0.022487 0.021495
2 0.503638 0.567626 0.022487 0.021495
2 0.550926 0.566964 0.022487 0.021495
2 0.597884 0.567295 0.022487 0.021495
2 0.575066 0.607970 0.022487 0.021495
2 0.622685 0.607970 0.022487 0.021495
2 0.645503 0.565642 0.022487 0.021495
2 0.670966 0.606978 0.022487 0.021495
2 0.693122 0.564980 0.022487 0.021495
2 0.718915 0.605985 0.022487 0.021495
2 0.741402 0.564980 0.022487 0.021495
2 0.768519 0.605985 0.022487 0.021495
2 0.527116 0.609623 0.022487 0.021495
2 0.550595 0.651290 0.022487 0.021495
2 0.502976 0.651620 0.022487 0.021495
2 0.455026 0.652282 0.022487 0.021495
2 0.407077 0.653274 0.022487 0.021495
2 0.431217 0.695933 0.022487 0.021495
2 0.479497 0.695271 0.022487 0.021495
2 0.527778 0.694279 0.022487 0.021495
2 0.456019 0.738261 0.022487 0.021495
2 0.503968 0.736938 0.022487 0.021495
2 0.479497 0.780589 0.022487 0.021495
